11323+2015-02-17T18:30:36.696649+517+44428+617++2015-02-17T18:30:36.696689+++"""Qual local lhe parece mais seguro? Left https://contribua.org/bairros/oeste/catole/Rua_Deputado_Ascendino_Moura__101__90.jpg https://contribua.org/bairros/norte/centro/Rua_Felix_Araujo__132__90.jpg"""
11273+2015-02-17T18:21:35.248887+517+44378+617++2015-02-17T18:21:35.248923+++"""Qual local lhe parece mais agrad%C3%A1vel? Left https://contribua.org/bairros/oeste/catole/Rua_Doutor_Antonio_Telha__235_0.jpg https://contribua.org/bairros/norte/centro/Rua_Pedro_Alvares_Cabral__129_180.jpg"""
11271+2015-02-17T18:21:21.915138+517+44376+617++2015-02-17T18:21:21.915171+++"""Qual local lhe parece mais agrad%C3%A1vel? Left https://contribua.org/bairros/oeste/liberdade/Rua_Odon_Bezerra__388__270.jpg https://contribua.org/bairros/norte/centro/Rua_Joao_da_Mata__490_270.jpg"""
11305+2015-02-17T18:28:50.891576+517+44410+617++2015-02-17T18:28:50.891609+++"""Qual local lhe parece mais agrad%C3%A1vel? NotKnown https://contribua.org/bairros/norte/centro/Rua_Manoel_P._de_Araujo__150_270.jpg https://contribua.org/bairros/norte/centro/Rua_Manoel_P._de_Araujo__370_0.jpg"""
11312+2015-02-17T18:29:29.659869+517+44417+617++2015-02-17T18:29:29.659901+++"""Qual local lhe parece mais seguro? Left https://contribua.org/bairros/oeste/catole/Rua_Olegario_Mariano__139_0.jpg https://contribua.org/bairros/norte/centro/Rua_Joao_da_Mata__490_90.jpg"""
11321+2015-02-17T18:30:23.835429+517+44426+617++2015-02-17T18:30:23.835466+++"""Qual local lhe parece mais agrad%C3%A1vel? Left https://contribua.org/bairros/oeste/liberdade/Rua_Padre_Pedro_Serrao__353__270.jpg https://contribua.org/bairros/norte/centro/Rua_Pedro_Alvares_Cabral__129_90.jpg"""
11322+2015-02-17T18:30:29.208993+517+44427+617++2015-02-17T18:30:29.209026+++"""Qual local lhe parece mais seguro? Left https://contribua.org/bairros/oeste/liberdade/Rua_Severino_Pimentel__321__180.jpg https://contribua.org/bairros/norte/centro/Rua_Felix_Araujo__48__90.jpg"""
11336+2015-02-17T18:34:02.706057+517+44441+617++2015-02-17T18:34:02.706091+++"""Qual local lhe parece mais agrad%C3%A1vel? Left https://contribua.org/bairros/oeste/liberdade/Rua_Severino_Pimentel__439__0.jpg https://contribua.org/bairros/oeste/catole/Rua_Cristina_Procopio_da_Silva__62__270.jpg"""
11343+2015-02-17T18:34:50.287152+517+44448+617++2015-02-17T18:34:50.287185+++"""Qual local lhe parece mais seguro? Right https://contribua.org/bairros/oeste/liberdade/Rua_Riachuelo__455__0.jpg https://contribua.org/bairros/norte/centro/Rua_Joao_da_Mata__490_270.jpg"""
11334+2015-02-17T18:33:53.763110+517+44439+617++2015-02-17T18:33:53.763143+++"""Qual local lhe parece mais seguro? Left https://contribua.org/bairros/oeste/catole/Rua_Olegario_Mariano__139_90.jpg https://contribua.org/bairros/norte/centro/Rua_Manoel_P._de_Araujo__370_0.jpg"""
11347+2015-02-17T18:35:20.552372+517+44452+617++2015-02-17T18:35:20.552403+++"""Qual local lhe parece mais agrad%C3%A1vel? Left https://contribua.org/bairros/oeste/catole/Rua_Vigario_Calixto__1201_0.jpg https://contribua.org/bairros/norte/centro/Rua_Joao_da_Mata__490_90.jpg"""
11348+2015-02-17T18:35:24.495024+517+44453+617++2015-02-17T18:35:24.495062+++"""Qual local lhe parece mais seguro? Left https://contribua.org/bairros/oeste/catole/Rua_Olegario_Mariano__139_90.jpg https://contribua.org/bairros/norte/centro/Rua_Felix_Araujo__132__90.jpg"""
11328+2015-02-17T18:30:54.250004+517+44433+617++2015-02-17T18:30:54.250038+++"""Qual local lhe parece mais seguro? Left https://contribua.org/bairros/oeste/catole/Rua_Deputado_Ascendino_Moura__101__270.jpg https://contribua.org/bairros/norte/centro/Rua_Joao_da_Mata__490_90.jpg"""
11358+2015-02-17T18:36:20.040723+517+44463+617++2015-02-17T18:36:20.040737+++"""Qual local lhe parece mais seguro? Left https://contribua.org/bairros/oeste/catole/Rua_Sebastiao_Vieira_da_Silva__1273__180.jpg https://contribua.org/bairros/norte/centro/Rua_Manoel_P._de_Araujo__370_180.jpg"""
11364+2015-02-17T18:37:02.189242+517+44469+617++2015-02-17T18:37:02.189276+++"""Qual local lhe parece mais seguro? Left https://contribua.org/bairros/oeste/catole/Rua_Olegario_Mariano__139_90.jpg https://contribua.org/bairros/norte/centro/Rua_Joao_da_Mata__490_90.jpg"""
11369+2015-02-17T18:37:22.440663+517+44474+617++2015-02-17T18:37:22.440697+++"""Qual local lhe parece mais seguro? Left https://contribua.org/bairros/oeste/catole/Avenida_Prefeito_Severino_Bezerra_Cabral__218_0.jpg https://contribua.org/bairros/norte/centro/Rua_Felix_Araujo__132__90.jpg"""
11371+2015-02-17T18:37:50.199675+517+44476+617++2015-02-17T18:37:50.199707+++"""Qual local lhe parece mais seguro? NotKnown https://contribua.org/bairros/norte/centro/Rua_Manoel_P._de_Araujo__150_270.jpg https://contribua.org/bairros/norte/centro/Rua_Manoel_P._de_Araujo__370_0.jpg"""
11372+2015-02-17T18:37:55.607610+517+44477+617++2015-02-17T18:37:55.607644+++"""Qual local lhe parece mais agrad%C3%A1vel? Left https://contribua.org/bairros/oeste/catole/Rua_Doutor_Antonio_Telha__235_180.jpg https://contribua.org/bairros/norte/centro/Rua_Manoel_P._de_Araujo__370_180.jpg"""
11330+2015-02-17T18:31:23.047898+517+44435+617++2015-02-17T18:31:23.047930+++"""Qual local lhe parece mais seguro? Left https://contribua.org/bairros/oeste/catole/Rua_Vigario_Calixto__1201_0.jpg https://contribua.org/bairros/norte/centro/Rua_Joao_da_Mata__490_90.jpg"""
11373+2015-02-17T18:38:00.827166+517+44478+617++2015-02-17T18:38:00.827199+++"""Qual local lhe parece mais seguro? Left https://contribua.org/bairros/oeste/catole/Rua_Luisa_Bezerra_Mota__246_270.jpg https://contribua.org/bairros/norte/centro/Rua_Manoel_P._de_Araujo__370_0.jpg"""
11374+2015-02-17T18:38:07.968959+517+44479+617++2015-02-17T18:38:07.968991+++"""Qual local lhe parece mais seguro? Left https://contribua.org/bairros/norte/centro/Rua_Manoel_P._de_Araujo__150_90.jpg https://contribua.org/bairros/norte/centro/Rua_Felix_Araujo__48__90.jpg"""
11376+2015-02-17T18:38:16.284605+517+44481+617++2015-02-17T18:38:16.284639+++"""Qual local lhe parece mais seguro? Left https://contribua.org/bairros/oeste/liberdade/Rua_Padre_Pedro_Serrao__353__90.jpg https://contribua.org/bairros/norte/centro/Rua_Felix_Araujo__132__90.jpg"""
11386+2015-02-17T18:39:42.479737+517+44491+617++2015-02-17T18:39:42.479769+++"""Qual local lhe parece mais agrad%C3%A1vel? Left https://contribua.org/bairros/oeste/catole/Rua_Luisa_Bezerra_Mota__246_90.jpg https://contribua.org/bairros/norte/centro/Rua_Manoel_P._de_Araujo__150_270.jpg"""
11387+2015-02-17T18:39:47.058407+517+44492+617++2015-02-17T18:39:47.058438+++"""Qual local lhe parece mais agrad%C3%A1vel? NotKnown https://contribua.org/bairros/norte/centro/Rua_Pedro_Alvares_Cabral__129_90.jpg https://contribua.org/bairros/norte/centro/Rua_Felix_Araujo__48__270.jpg"""
11482+2015-02-17T18:50:24.403236+517+44587+617++2015-02-17T18:50:24.403270+++"""Qual local lhe parece mais agrad%C3%A1vel? Left https://contribua.org/bairros/oeste/liberdade/Rua_Espirito_Santo__1288__180.jpg https://contribua.org/bairros/norte/centro/Rua_Felix_Araujo__132__90.jpg"""
11395+2015-02-17T18:41:06.304492+517+44500+617++2015-02-17T18:41:06.304531+++"""Qual local lhe parece mais seguro? Right https://contribua.org/bairros/oeste/liberdade/Rua_Odon_Bezerra__306_270.jpg https://contribua.org/bairros/norte/centro/Rua_Joao_da_Mata__490_270.jpg"""
11399+2015-02-17T18:41:24.759149+517+44504+617++2015-02-17T18:41:24.759182+++"""Qual local lhe parece mais seguro? Left https://contribua.org/bairros/oeste/catole/Rua_Joao_Francisco_Mota__64__90.jpg https://contribua.org/bairros/oeste/catole/Rua_Doutor_Antonio_Telha__235_180.jpg"""
11432+2015-02-17T18:45:23.603831+517+44537+617++2015-02-17T18:45:23.603864+++"""Qual local lhe parece mais agrad%C3%A1vel? Left https://contribua.org/bairros/oeste/liberdade/Rua_Severino_Pimentel__321__0.jpg https://contribua.org/bairros/norte/centro/Rua_Pedro_Alvares_Cabral__129_90.jpg"""
11441+2015-02-17T18:46:19.454540+517+44546+617++2015-02-17T18:46:19.454574+++"""Qual local lhe parece mais agrad%C3%A1vel? Left https://contribua.org/bairros/oeste/catole/Rua_Olegario_Mariano__139_90.jpg https://contribua.org/bairros/norte/centro/Rua_Pedro_Alvares_Cabral__129_90.jpg"""
11442+2015-02-17T18:46:22.609462+517+44547+617++2015-02-17T18:46:22.609495+++"""Qual local lhe parece mais agrad%C3%A1vel? Left https://contribua.org/bairros/oeste/liberdade/Rua_Espirito_Santo__1288__180.jpg https://contribua.org/bairros/oeste/catole/Avenida_Prefeito_Severino_Bezerra_Cabral__218_0.jpg"""
11443+2015-02-17T18:46:26.293935+517+44548+617++2015-02-17T18:46:26.293968+++"""Qual local lhe parece mais agrad%C3%A1vel? Left https://contribua.org/bairros/oeste/liberdade/Rua_Odon_Bezerra__147_270.jpg https://contribua.org/bairros/norte/centro/Rua_Felix_Araujo__132__90.jpg"""
11446+2015-02-17T18:46:42.395587+517+44551+617++2015-02-17T18:46:42.395620+++"""Qual local lhe parece mais agrad%C3%A1vel? Left https://contribua.org/bairros/oeste/liberdade/Rua_Padre_Pedro_Serrao__353__90.jpg https://contribua.org/bairros/norte/centro/Rua_Manoel_P._de_Araujo__150_270.jpg"""
11406+2015-02-17T18:42:10.117267+517+44511+617++2015-02-17T18:42:10.117300+++"""Qual local lhe parece mais seguro? Left https://contribua.org/bairros/oeste/liberdade/Rua_Odon_Bezerra__147_90.jpg https://contribua.org/bairros/norte/centro/Rua_Felix_Araujo__48__270.jpg"""
11407+2015-02-17T18:42:14.792585+517+44512+617++2015-02-17T18:42:14.792618+++"""Qual local lhe parece mais seguro? Right https://contribua.org/bairros/oeste/catole/Rua_Doutor_Antonio_Telha__235_0.jpg https://contribua.org/bairros/norte/centro/Rua_Doutor_Severino_Cruz__411__270.jpg"""
11458+2015-02-17T18:47:38.186153+517+44563+617++2015-02-17T18:47:38.186185+++"""Qual local lhe parece mais seguro? Left https://contribua.org/bairros/oeste/liberdade/Rua_Riachuelo__930__180.jpg https://contribua.org/bairros/norte/centro/Rua_Felix_Araujo__48__270.jpg"""
11424+2015-02-17T18:44:20.828037+517+44529+617++2015-02-17T18:44:20.828070+++"""Qual local lhe parece mais agrad%C3%A1vel? Left https://contribua.org/bairros/oeste/catole/Rua_Olegario_Mariano__139_270.jpg https://contribua.org/bairros/norte/centro/Rua_Joao_da_Mata__490_90.jpg"""
11425+2015-02-17T18:44:25.965983+517+44530+617++2015-02-17T18:44:25.966016+++"""Qual local lhe parece mais seguro? Right https://contribua.org/bairros/oeste/liberdade/Rua_Edesio_Silva__602__180.jpg https://contribua.org/bairros/norte/centro/Rua_Doutor_Severino_Cruz__411__270.jpg"""
11546+2015-02-17T18:56:10.636415+517+44651+617++2015-02-17T18:56:10.636513+++"""Qual local lhe parece mais agrad%C3%A1vel? Left https://contribua.org/bairros/oeste/liberdade/Rua_Severino_Pimentel__439__180.jpg https://contribua.org/bairros/norte/centro/Rua_Manoel_P._de_Araujo__150_270.jpg"""
11548+2015-02-17T18:56:21.129276+517+44653+617++2015-02-17T18:56:21.129308+++"""Qual local lhe parece mais agrad%C3%A1vel? Left https://contribua.org/bairros/oeste/liberdade/Rua_Padre_Pedro_Serrao__207__270.jpg https://contribua.org/bairros/norte/centro/Rua_Manoel_P._de_Araujo__150_270.jpg"""
11561+2015-02-17T18:57:54.043618+517+44666+617++2015-02-17T18:57:54.043651+++"""Qual local lhe parece mais seguro? Left https://contribua.org/bairros/oeste/liberdade/Rua_Espirito_Santo__1288__180.jpg https://contribua.org/bairros/norte/centro/Rua_Felix_Araujo__132__90.jpg"""
11470+2015-02-17T18:48:59.699177+517+44575+617++2015-02-17T18:48:59.699211+++"""Qual local lhe parece mais seguro? Right https://contribua.org/bairros/oeste/liberdade/Rua_Odon_Bezerra__306_90.jpg https://contribua.org/bairros/norte/centro/Rua_Doutor_Severino_Cruz__411__270.jpg"""
11478+2015-02-17T18:49:32.026285+517+44583+617++2015-02-17T18:49:32.026318+++"""Qual local lhe parece mais agrad%C3%A1vel? Left https://contribua.org/bairros/oeste/liberdade/Rua_Odon_Bezerra__147_270.jpg https://contribua.org/bairros/norte/centro/Rua_Felix_Araujo__48__270.jpg"""
11512+2015-02-17T18:53:10.429516+517+44617+617++2015-02-17T18:53:10.429549+++"""Qual local lhe parece mais agrad%C3%A1vel? Left https://contribua.org/bairros/oeste/liberdade/Rua_Espirito_Santo__1288__0.jpg https://contribua.org/bairros/norte/centro/Rua_Manoel_P._de_Araujo__150_270.jpg"""
11514+2015-02-17T18:53:17.094894+517+44619+617++2015-02-17T18:53:17.094927+++"""Qual local lhe parece mais seguro? Left https://contribua.org/bairros/oeste/liberdade/Rua_Odon_Bezerra__147_90.jpg https://contribua.org/bairros/norte/centro/Rua_Manoel_P._de_Araujo__370_0.jpg"""
11517+2015-02-17T18:53:29.863229+517+44622+617++2015-02-17T18:53:29.863263+++"""Qual local lhe parece mais agrad%C3%A1vel? Left https://contribua.org/bairros/oeste/catole/Rua_Doutor_Antonio_Telha__235_180.jpg https://contribua.org/bairros/norte/centro/Rua_Joao_da_Mata__490_270.jpg"""
11524+2015-02-17T18:54:14.076611+517+44629+617++2015-02-17T18:54:14.076644+++"""Qual local lhe parece mais agrad%C3%A1vel? Left https://contribua.org/bairros/oeste/liberdade/Avenida_Assis_Chateaubriand__1334__0.jpg https://contribua.org/bairros/norte/centro/Rua_Felix_Araujo__132__90.jpg"""
11529+2015-02-17T18:54:34.393657+517+44634+617++2015-02-17T18:54:34.393689+++"""Qual local lhe parece mais seguro? Right https://contribua.org/bairros/oeste/catole/Rua_Olegario_Mariano__139_270.jpg https://contribua.org/bairros/oeste/catole/Rua_Deputado_Ascendino_Moura__101__90.jpg"""
11541+2015-02-17T18:55:52.593358+517+44646+617++2015-02-17T18:55:52.593376+++"""Qual local lhe parece mais seguro? Left https://contribua.org/bairros/oeste/catole/Rua_Honorio_de_Melo__240__90.jpg https://contribua.org/bairros/oeste/catole/Rua_Deputado_Ascendino_Moura__101__90.jpg"""
11542+2015-02-17T18:55:56.801770+517+44647+617++2015-02-17T18:55:56.801804+++"""Qual local lhe parece mais agrad%C3%A1vel? Left https://contribua.org/bairros/oeste/catole/Rua_Aluisio_Cunha_Linha__50__90.jpg https://contribua.org/bairros/oeste/catole/Rua_Cristina_Procopio_da_Silva__62__270.jpg"""
11464+2015-02-17T18:48:18.844047+517+44569+617++2015-02-17T18:48:18.844080+++"""Qual local lhe parece mais seguro? Right https://contribua.org/bairros/oeste/catole/Rua_Doutor_Antonio_Telha__235_180.jpg https://contribua.org/bairros/norte/centro/Rua_Joao_da_Mata__490_270.jpg"""
11480+2015-02-17T18:50:16.824896+517+44585+617++2015-02-17T18:50:16.824929+++"""Qual local lhe parece mais seguro? Left https://contribua.org/bairros/oeste/catole/Rua_Olegario_Mariano__139_270.jpg https://contribua.org/bairros/norte/centro/Rua_Joao_da_Mata__490_90.jpg"""
11498+2015-02-17T18:51:41.956950+517+44603+617++2015-02-17T18:51:41.956986+++"""Qual local lhe parece mais agrad%C3%A1vel? Left https://contribua.org/bairros/oeste/catole/Rua_Sebastiao_Vieira_da_Silva__1273__0.jpg https://contribua.org/bairros/norte/centro/Rua_Quebra_Quilos__399__90.jpg"""
11507+2015-02-17T18:52:30.996498+517+44612+617++2015-02-17T18:52:30.996537+++"""Qual local lhe parece mais agrad%C3%A1vel? Left https://contribua.org/bairros/oeste/catole/Rua_Deputado_Ascendino_Moura__101__90.jpg https://contribua.org/bairros/norte/centro/Rua_Pedro_Alvares_Cabral__129_90.jpg"""
11509+2015-02-17T18:52:38.980350+517+44614+617++2015-02-17T18:52:38.980383+++"""Qual local lhe parece mais agrad%C3%A1vel? Left https://contribua.org/bairros/oeste/catole/Rua_Olegario_Mariano__139_90.jpg https://contribua.org/bairros/norte/centro/Rua_Manoel_P._de_Araujo__370_0.jpg"""
11572+2015-02-17T18:58:59.683480+517+44677+617++2015-02-17T18:58:59.683513+++"""Qual local lhe parece mais agrad%C3%A1vel? Left https://contribua.org/bairros/oeste/catole/Rua_Cristina_Procopio_da_Silva__62__270.jpg https://contribua.org/bairros/norte/centro/Rua_Pedro_Alvares_Cabral__129_180.jpg"""
11540+2015-02-17T18:55:49.023575+517+44645+617++2015-02-17T18:55:49.023607+++"""Qual local lhe parece mais seguro? Right https://contribua.org/bairros/oeste/liberdade/Avenida_Assis_Chateaubriand__1334__0.jpg https://contribua.org/bairros/norte/centro/Rua_Coronel_Salvino_Figueiredo__251_270.jpg"""
11551+2015-02-17T18:56:50.615296+517+44656+617++2015-02-17T18:56:50.615329+++"""Qual local lhe parece mais seguro? Right https://contribua.org/bairros/oeste/liberdade/Rua_Santa_Catarina__1231__180.jpg https://contribua.org/bairros/norte/centro/Rua_Doutor_Severino_Cruz__411__90.jpg"""
11577+2015-02-17T18:59:21.502581+517+44682+617++2015-02-17T18:59:21.502613+++"""Qual local lhe parece mais seguro? Left https://contribua.org/bairros/oeste/catole/Rua_Olegario_Mariano__139_90.jpg https://contribua.org/bairros/norte/centro/Rua_Felix_Araujo__48__270.jpg"""
11610+2015-02-17T19:02:57.461324+517+44715+617++2015-02-17T19:02:57.461357+++"""Qual local lhe parece mais agrad%C3%A1vel? Right https://contribua.org/bairros/oeste/catole/Rua_Sebastiao_Vieira_da_Silva__1273__180.jpg https://contribua.org/bairros/oeste/catole/Rua_Cristina_Procopio_da_Silva__62__90.jpg"""
11635+2015-02-17T19:05:35.063316+517+44740+617++2015-02-17T19:05:35.063348+++"""Qual local lhe parece mais agrad%C3%A1vel? Left https://contribua.org/bairros/oeste/liberdade/Rua_Santa_Catarina__1231__180.jpg https://contribua.org/bairros/oeste/catole/Rua_Doutor_Antonio_Telha__68__90.jpg"""
11638+2015-02-17T19:05:48.048014+517+44743+617++2015-02-17T19:05:48.048046+++"""Qual local lhe parece mais agrad%C3%A1vel? Left https://contribua.org/bairros/oeste/liberdade/Rua_Edesio_Silva__602__0.jpg https://contribua.org/bairros/oeste/catole/Rua_Vigario_Calixto__1201_0.jpg"""
11647+2015-02-17T19:07:07.518584+517+44752+617++2015-02-17T19:07:07.518618+++"""Qual local lhe parece mais agrad%C3%A1vel? Left https://contribua.org/bairros/oeste/liberdade/Rua_Padre_Pedro_Serrao__353__90.jpg https://contribua.org/bairros/norte/centro/Rua_Manoel_P._de_Araujo__150_90.jpg"""
11584+2015-02-17T19:00:09.560420+517+44689+617++2015-02-17T19:00:09.560541+++"""Qual local lhe parece mais seguro? Right https://contribua.org/bairros/oeste/catole/Rua_Doutor_Antonio_Telha__68__270.jpg https://contribua.org/bairros/oeste/catole/Avenida_Prefeito_Severino_Bezerra_Cabral__218_0.jpg"""
11592+2015-02-17T19:01:03.218229+517+44697+617++2015-02-17T19:01:03.218261+++"""Qual local lhe parece mais seguro? Right https://contribua.org/bairros/oeste/liberdade/Rua_Odon_Bezerra__388__90.jpg https://contribua.org/bairros/norte/centro/Rua_Doutor_Severino_Cruz__411__90.jpg"""
11597+2015-02-17T19:01:23.890318+517+44702+617++2015-02-17T19:01:23.890351+++"""Qual local lhe parece mais seguro? Left https://contribua.org/bairros/oeste/catole/Rua_Doutor_Antonio_Telha_-_Catole__Campina_Grande__90.jpg https://contribua.org/bairros/norte/centro/Rua_Felix_Araujo__48__90.jpg"""
11590+2015-02-17T19:00:52.674949+517+44695+617++2015-02-17T19:00:52.674966+++"""Qual local lhe parece mais seguro? Right https://contribua.org/bairros/oeste/liberdade/Rua_Riachuelo__847__0.jpg https://contribua.org/bairros/norte/centro/Rua_Doutor_Severino_Cruz__411__90.jpg"""
11618+2015-02-17T19:03:37.461312+517+44723+617++2015-02-17T19:03:37.461345+++"""Qual local lhe parece mais agrad%C3%A1vel? Left https://contribua.org/bairros/oeste/catole/Rua_Luisa_Bezerra_Mota__246_90.jpg https://contribua.org/bairros/oeste/catole/Rua_Honorio_de_Melo__240__90.jpg"""
11622+2015-02-17T19:04:23.223692+517+44727+617++2015-02-17T19:04:23.223726+++"""Qual local lhe parece mais seguro? Left https://contribua.org/bairros/oeste/liberdade/Rua_Severino_Pimentel__511_90.jpg https://contribua.org/bairros/norte/centro/Rua_Augusto_Severo__71_0.jpg"""
14513+2015-03-18T00:53:24.510084+517+43895+669++2015-03-18T00:53:24.510101+++"""Qual local lhe parece mais agrad%C3%A1vel? Left https://contribua.org/bairros/oeste/liberdade/Avenida_Assis_Chateaubriand__1334__180.jpg https://contribua.org/bairros/norte/centro/Avenida_Dom_Pedro_II__119_90.jpg"""
14515+2015-03-18T00:53:31.123478+517+43975+669++2015-03-18T00:53:31.123495+++"""Qual local lhe parece mais seguro? Left https://contribua.org/bairros/oeste/liberdade/Rua_Severino_Pimentel__511_270.jpg https://contribua.org/bairros/norte/centro/Rua_Manoel_P._de_Araujo__150_270.jpg"""
14529+2015-03-18T00:55:22.471568+517+43876+669++2015-03-18T00:55:22.471585+++"""Qual local lhe parece mais seguro? Right https://contribua.org/bairros/oeste/liberdade/Rua_Severino_Pimentel__439__180.jpg https://contribua.org/bairros/oeste/catole/Rua_Deputado_Ascendino_Moura__101__270.jpg"""
14531+2015-03-18T00:55:27.129594+517+43958+669++2015-03-18T00:55:27.129628+++"""Qual local lhe parece mais seguro? Left https://contribua.org/bairros/oeste/liberdade/Rua_Severino_Pimentel__511_270.jpg https://contribua.org/bairros/norte/centro/Rua_Felix_Araujo__48__90.jpg"""
11642+2015-02-17T19:06:41.885328+517+44747+617++2015-02-17T19:06:41.885361+++"""Qual local lhe parece mais seguro? Right https://contribua.org/bairros/norte/centro/Rua_Manoel_P._de_Araujo__370_0.jpg https://contribua.org/bairros/norte/centro/Rua_Coronel_Salvino_Figueiredo__251_270.jpg"""
14520+2015-03-18T00:53:49.482768+517+43991+669++2015-03-18T00:53:49.482802+++"""Qual local lhe parece mais agrad%C3%A1vel? Right https://contribua.org/bairros/oeste/liberdade/Rua_Acre__635_90.jpg https://contribua.org/bairros/norte/centro/Avenida_Dom_Pedro_II__500_90.jpg"""
14545+2015-03-18T00:56:28.709208+517+43964+669++2015-03-18T00:56:28.709241+++"""Qual local lhe parece mais seguro? Right https://contribua.org/bairros/oeste/liberdade/Rua_Edesio_Silva__602__180.jpg https://contribua.org/bairros/oeste/catole/Rua_Olegario_Mariano__139_90.jpg"""
14572+2015-03-18T00:58:03.846252+517+43989+669++2015-03-18T00:58:03.846284+++"""Qual local lhe parece mais agrad%C3%A1vel? Left https://contribua.org/bairros/oeste/catole/Rua_Doutor_Antonio_Telha__235_180.jpg https://contribua.org/bairros/norte/centro/Rua_Augusto_Severo__71_0.jpg"""
11650+2015-02-17T19:07:46.363197+517+44755+617++2015-02-17T19:07:46.363230+++"""Qual local lhe parece mais seguro? Right https://contribua.org/bairros/oeste/catole/Rua_Luisa_Bezerra_Mota__246_90.jpg https://contribua.org/bairros/norte/centro/Avenida_Presidente_Joao_Pessoa__128__180.jpg"""
11680+2015-02-17T20:29:44.919904+517+44785+618++2015-02-17T20:29:44.919937+++"""Qual local lhe parece mais seguro? Left https://contribua.org/bairros/oeste/catole/Avenida_Prefeito_Severino_Bezerra_Cabral__218_0.jpg https://contribua.org/bairros/norte/centro/Rua_Capitao_Joao_de_Sa__45__180.jpg"""
14573+2015-03-18T00:58:41.385044+517+43860+669++2015-03-18T00:58:41.385076+++"""Qual local lhe parece mais agrad%C3%A1vel? Left https://contribua.org/bairros/oeste/catole/Rua_Joao_Francisco_Mota__64__270.jpg https://contribua.org/bairros/norte/centro/Avenida_Presidente_Joao_Pessoa__128__90.jpg"""
11717+2015-02-17T21:29:21.401012+517+44822+537++2015-02-17T21:29:21.401045+++"""Qual local lhe parece mais agrad%C3%A1vel? Right https://contribua.org/bairros/oeste/liberdade/Rua_Acre__635_90.jpg https://contribua.org/bairros/oeste/catole/Rua_Luisa_Bezerra_Mota__246_90.jpg"""
11732+2015-02-19T20:09:05.733306+517+44837+516++2015-02-19T20:09:05.733338+++"""Qual local lhe parece mais seguro? Left https://contribua.org/bairros/oeste/liberdade/Rua_Severino_Pimentel__511_90.jpg https://contribua.org/bairros/norte/centro/Rua_Felix_Araujo__132__270.jpg"""
11743+2015-02-19T20:21:51.687954+517+44848+607++2015-02-19T20:21:51.687986+++"""Qual local lhe parece mais seguro? Right https://contribua.org/bairros/oeste/liberdade/Rua_Sergipe__1337_90.jpg https://contribua.org/bairros/norte/centro/Avenida_Presidente_Getulio_Vargas__210__180.jpg"""
11765+2015-02-19T20:24:31.896914+517+44870+607++2015-02-19T20:24:31.896945+++"""Qual local lhe parece mais seguro? Right https://contribua.org/bairros/oeste/liberdade/Rua_Riachuelo__930__0.jpg https://contribua.org/bairros/norte/centro/Rua_Elias_Aforas__67__0.jpg"""
11668+2015-02-17T20:26:33.095090+517+44773+618++2015-02-17T20:26:33.095124+++"""Qual local lhe parece mais agrad%C3%A1vel? Right https://contribua.org/bairros/oeste/liberdade/Rua_Santa_Catarina__1231__0.jpg https://contribua.org/bairros/oeste/catole/Rua_Vigario_Calixto__1201_0.jpg"""
11714+2015-02-17T21:26:44.679227+517+44819+619++2015-02-17T21:26:44.679260+++"""Qual local lhe parece mais seguro? NotKnown https://contribua.org/bairros/oeste/catole/Rua_Deputado_Ascendino_Moura__101__270.jpg https://contribua.org/bairros/norte/centro/Rua_Felix_Araujo__132__270.jpg"""
11755+2015-02-19T20:23:32.762991+517+44860+607++2015-02-19T20:23:32.763023+++"""Qual local lhe parece mais seguro? Left https://contribua.org/bairros/norte/centro/Rua_Joao_da_Mata__490_90.jpg https://contribua.org/bairros/norte/centro/Rua_Elias_Aforas__202_0.jpg"""
11758+2015-02-19T20:23:47.464877+517+44863+607++2015-02-19T20:23:47.464909+++"""Qual local lhe parece mais seguro? Left https://contribua.org/bairros/oeste/catole/Rua_Vigario_Calixto__1201_180.jpg https://contribua.org/bairros/norte/centro/Rua_Elias_Aforas__202_0.jpg"""
11695+2015-02-17T20:31:45.075133+517+44800+618++2015-02-17T20:31:45.075166+++"""Qual local lhe parece mais agrad%C3%A1vel? Left https://contribua.org/bairros/oeste/liberdade/Rua_Padre_Pedro_Serrao__353__90.jpg https://contribua.org/bairros/oeste/catole/Avenida_Prefeito_Severino_Bezerra_Cabral__218_90.jpg"""
11708+2015-02-17T21:26:16.093378+517+44813+619++2015-02-17T21:26:16.093407+++"""{age=59|sex=Feminino|class=M\u00e9dia (R$ 2.900 a R$ 7.249,99)|educ=Gradua\u00e7\u00e3o|city=Campina Grande - Para\u00edba, Brasil|time=59|rel=Casado|neig=lib;cat} Qual local lhe parece mais seguro? Left https://contribua.org/bairros/oeste/liberdade/Rua_Acre__635_90.jpg https://contribua.org/bairros/norte/centro/Rua_Felix_Araujo__132__270.jpg"""
11737+2015-02-19T20:14:43.506819+517+44842+516++2015-02-19T20:14:43.506852+++"""Qual local lhe parece mais seguro? Right https://contribua.org/bairros/oeste/liberdade/Rua_Espirito_Santo__1288__180.jpg https://contribua.org/bairros/norte/centro/Rua_Felix_Araujo__132__270.jpg"""
11746+2015-02-19T20:22:11.726488+517+44851+607++2015-02-19T20:22:11.726521+++"""Qual local lhe parece mais agrad%C3%A1vel? Left https://contribua.org/bairros/oeste/catole/Rua_Doutor_Antonio_Telha_-_Catole__Campina_Grande__90.jpg https://contribua.org/bairros/norte/centro/Rua_Felix_Araujo__48__90.jpg"""
11761+2015-02-19T20:24:00.766589+517+44866+607++2015-02-19T20:24:00.766623+++"""Qual local lhe parece mais agrad%C3%A1vel? Right https://contribua.org/bairros/oeste/liberdade/Rua_Odon_Bezerra__306_270.jpg https://contribua.org/bairros/oeste/catole/Rua_Doutor_Antonio_Telha_-_Catole__Campina_Grande__90.jpg"""
11767+2015-02-19T20:24:41.682728+517+44872+607++2015-02-19T20:24:41.682761+++"""Qual local lhe parece mais seguro? Left https://contribua.org/bairros/norte/centro/Rua_Manoel_P._de_Araujo__150_270.jpg https://contribua.org/bairros/norte/centro/Rua_Elias_Aforas__202_0.jpg"""
11806+2015-02-20T14:36:21.159052+517+44903+602++2015-02-20T14:36:21.159068+++"""Qual local lhe parece mais seguro? Right https://contribua.org/bairros/oeste/liberdade/Rua_Riachuelo__930__180.jpg https://contribua.org/bairros/norte/centro/Rua_Augusto_Severo__71_0.jpg"""
11812+2015-02-20T14:37:05.923165+517+44909+602++2015-02-20T14:37:05.923197+++"""Qual local lhe parece mais seguro? NotKnown https://contribua.org/bairros/norte/centro/Rua_Manoel_P._de_Araujo__150_270.jpg https://contribua.org/bairros/norte/centro/Avenida_Presidente_Getulio_Vargas__210__0.jpg"""
11815+2015-02-20T14:37:14.649837+517+44912+602++2015-02-20T14:37:14.649869+++"""Qual local lhe parece mais seguro? Left https://contribua.org/bairros/oeste/liberdade/Rua_Padre_Pedro_Serrao__353__90.jpg https://contribua.org/bairros/norte/centro/Rua_Capitao_Joao_de_Sa__45__180.jpg"""
11818+2015-02-20T14:37:22.039720+517+44915+602++2015-02-20T14:37:22.039757+++"""Qual local lhe parece mais seguro? Left https://contribua.org/bairros/oeste/liberdade/Avenida_Assis_Chateaubriand__1334__0.jpg https://contribua.org/bairros/norte/centro/Rua_Augusto_Severo__71_90.jpg"""
11824+2015-02-20T14:37:42.708331+517+44921+602++2015-02-20T14:37:42.708362+++"""Qual local lhe parece mais agrad%C3%A1vel? Left https://contribua.org/bairros/oeste/liberdade/Rua_Severino_Pimentel__439__180.jpg https://contribua.org/bairros/oeste/catole/Rua_Deputado_Ascendino_Moura__101__270.jpg"""
11832+2015-02-20T14:38:02.975052+517+44929+602++2015-02-20T14:38:02.975087+++"""Qual local lhe parece mais seguro? Right https://contribua.org/bairros/oeste/liberdade/Rua_Severino_Pimentel__511_270.jpg https://contribua.org/bairros/norte/centro/Avenida_Presidente_Joao_Pessoa__128__180.jpg"""
11781+2015-02-20T14:34:47.317021+517+44878+602++2015-02-20T14:34:47.317057+++"""Qual local lhe parece mais seguro? Right https://contribua.org/bairros/oeste/liberdade/Rua_Santa_Catarina__1231__0.jpg https://contribua.org/bairros/norte/centro/Rua_Coronel_Salvino_Figueiredo__251_270.jpg"""
11783+2015-02-20T14:34:57.129506+517+44880+602++2015-02-20T14:34:57.129539+++"""Qual local lhe parece mais agrad%C3%A1vel? Right https://contribua.org/bairros/oeste/liberdade/Rua_Riachuelo__455__0.jpg https://contribua.org/bairros/oeste/catole/Rua_Honorio_de_Melo__240__90.jpg"""
11770+2015-02-19T21:00:56.532852+517+44845+516++2015-02-19T21:00:56.532885+++"""Qual local lhe parece mais agrad%C3%A1vel? NotKnown https://contribua.org/bairros/oeste/liberdade/Rua_Edesio_Silva__602__0.jpg https://contribua.org/bairros/oeste/catole/Rua_Honorio_de_Melo__240__90.jpg"""
11869+2015-02-20T14:40:00.123942+517+44966+602++2015-02-20T14:40:00.123974+++"""Qual local lhe parece mais seguro? NotKnown https://contribua.org/bairros/oeste/catole/Rua_Deputado_Ascendino_Moura__101__270.jpg https://contribua.org/bairros/norte/centro/Avenida_Presidente_Getulio_Vargas__210__0.jpg"""
11787+2015-02-20T14:35:13.069640+517+44884+602++2015-02-20T14:35:13.069658+++"""Qual local lhe parece mais agrad%C3%A1vel? Right https://contribua.org/bairros/oeste/catole/Rua_Doutor_Antonio_Telha_-_Catole__Campina_Grande__270.jpg https://contribua.org/bairros/oeste/catole/Rua_Cristina_Procopio_da_Silva__62__90.jpg"""
11790+2015-02-20T14:35:23.333324+517+44887+602++2015-02-20T14:35:23.333356+++"""Qual local lhe parece mais seguro? Right https://contribua.org/bairros/oeste/liberdade/Rua_Riachuelo__455__0.jpg https://contribua.org/bairros/norte/centro/Rua_Elias_Aforas__67__0.jpg"""
11797+2015-02-20T14:35:44.759048+517+44894+602++2015-02-20T14:35:44.759082+++"""Qual local lhe parece mais agrad%C3%A1vel? Right https://contribua.org/bairros/oeste/liberdade/Rua_Riachuelo__930__180.jpg https://contribua.org/bairros/oeste/catole/Rua_Joao_Francisco_Mota__64__90.jpg"""
11867+2015-02-20T14:39:55.267039+517+44964+602++2015-02-20T14:39:55.267071+++"""Qual local lhe parece mais agrad%C3%A1vel? Right https://contribua.org/bairros/oeste/liberdade/Rua_Edesio_Silva__602__180.jpg https://contribua.org/bairros/oeste/catole/Rua_Doutor_Antonio_Telha__235_180.jpg"""
11872+2015-02-20T14:40:11.533686+517+44969+602++2015-02-20T14:40:11.533719+++"""Qual local lhe parece mais agrad%C3%A1vel? Left https://contribua.org/bairros/oeste/liberdade/Rua_Severino_Pimentel__439__0.jpg https://contribua.org/bairros/oeste/catole/Rua_Cristina_Procopio_da_Silva__62__90.jpg"""
11875+2015-02-20T14:40:18.395429+517+44972+602++2015-02-20T14:40:18.395462+++"""Qual local lhe parece mais agrad%C3%A1vel? Left https://contribua.org/bairros/oeste/catole/Rua_Deputado_Ascendino_Moura__101__90.jpg https://contribua.org/bairros/oeste/catole/Rua_Joao_Francisco_Mota__64__90.jpg"""
11914+2015-02-20T14:42:56.489548+517+45011+602++2015-02-20T14:42:56.489581+++"""Qual local lhe parece mais seguro? Right https://contribua.org/bairros/norte/centro/Rua_Manoel_P._de_Araujo__370_180.jpg https://contribua.org/bairros/norte/centro/Rua_Coronel_Salvino_Figueiredo__251_90.jpg"""
11782+2015-02-20T14:34:52.427165+517+44879+602++2015-02-20T14:34:52.427199+++"""Qual local lhe parece mais seguro? NotKnown https://contribua.org/bairros/oeste/liberdade/Rua_Padre_Pedro_Serrao__336__90.jpg https://contribua.org/bairros/norte/centro/Avenida_Presidente_Getulio_Vargas__210__0.jpg"""
11808+2015-02-20T14:36:52.901267+517+44905+602++2015-02-20T14:36:52.901299+++"""Qual local lhe parece mais agrad%C3%A1vel? Left https://contribua.org/bairros/oeste/catole/Rua_Luisa_Bezerra_Mota__246_90.jpg https://contribua.org/bairros/oeste/catole/Rua_Cristina_Procopio_da_Silva__62__90.jpg"""
11829+2015-02-20T14:37:53.044161+517+44926+602++2015-02-20T14:37:53.044195+++"""Qual local lhe parece mais seguro? NotKnown https://contribua.org/bairros/norte/centro/Rua_Manoel_P._de_Araujo__150_270.jpg https://contribua.org/bairros/norte/centro/Rua_Augusto_Severo__71_0.jpg"""
11857+2015-02-20T14:39:26.886463+517+44954+602++2015-02-20T14:39:26.886497+++"""Qual local lhe parece mais agrad%C3%A1vel? Right https://contribua.org/bairros/oeste/liberdade/Rua_Riachuelo__847__0.jpg https://contribua.org/bairros/oeste/catole/Rua_Cristina_Procopio_da_Silva__62__90.jpg"""
11896+2015-02-20T14:41:22.748517+517+44993+602++2015-02-20T14:41:22.748553+++"""Qual local lhe parece mais agrad%C3%A1vel? Left https://contribua.org/bairros/oeste/liberdade/Rua_Severino_Pimentel__511_270.jpg https://contribua.org/bairros/oeste/catole/Rua_Doutor_Antonio_Telha__235_180.jpg"""
11902+2015-02-20T14:42:08.540276+517+44999+602++2015-02-20T14:42:08.540322+++"""Qual local lhe parece mais agrad%C3%A1vel? Right https://contribua.org/bairros/oeste/liberdade/Rua_Sergipe__1337_0.jpg https://contribua.org/bairros/oeste/catole/Rua_Cristina_Procopio_da_Silva__62__90.jpg"""
11932+2015-02-20T14:44:35.394240+517+45029+602++2015-02-20T14:44:35.394273+++"""Qual local lhe parece mais agrad%C3%A1vel? Left https://contribua.org/bairros/oeste/catole/Rua_Luisa_Bezerra_Mota__246_270.jpg https://contribua.org/bairros/oeste/catole/Avenida_Prefeito_Severino_Bezerra_Cabral__218_90.jpg"""
11884+2015-02-20T14:40:47.747535+517+44981+602++2015-02-20T14:40:47.747572+++"""Qual local lhe parece mais seguro? Left https://contribua.org/bairros/norte/centro/Rua_Elias_Aforas__67__0.jpg https://contribua.org/bairros/norte/centro/Avenida_Presidente_Getulio_Vargas__210__0.jpg"""
11890+2015-02-20T14:41:04.582728+517+44987+602++2015-02-20T14:41:04.582761+++"""Qual local lhe parece mais seguro? Right https://contribua.org/bairros/oeste/catole/Rua_Deputado_Ascendino_Moura__101__270.jpg https://contribua.org/bairros/norte/centro/Rua_Elias_Aforas__67__0.jpg"""
11898+2015-02-20T14:41:25.982647+517+44995+602++2015-02-20T14:41:25.982680+++"""Qual local lhe parece mais agrad%C3%A1vel? Left https://contribua.org/bairros/oeste/catole/Rua_Doutor_Antonio_Telha__68__90.jpg https://contribua.org/bairros/norte/centro/Rua_Felix_Araujo__48__90.jpg"""
11901+2015-02-20T14:42:07.106712+517+44998+602++2015-02-20T14:42:07.106748+++"""Qual local lhe parece mais agrad%C3%A1vel? Right https://contribua.org/bairros/oeste/catole/Rua_Deputado_Ascendino_Moura__101__90.jpg https://contribua.org/bairros/oeste/catole/Rua_Honorio_de_Melo__240__90.jpg"""
11907+2015-02-20T14:42:22.419112+517+45004+602++2015-02-20T14:42:22.419154+++"""Qual local lhe parece mais agrad%C3%A1vel? Left https://contribua.org/bairros/oeste/catole/Rua_Vigario_Calixto__1201_0.jpg https://contribua.org/bairros/norte/centro/Rua_Felix_Araujo__48__90.jpg"""
11933+2015-02-20T14:44:39.127496+517+45030+602++2015-02-20T14:44:39.127531+++"""Qual local lhe parece mais agrad%C3%A1vel? Right https://contribua.org/bairros/oeste/catole/Rua_Aluisio_Cunha_Linha__50__90.jpg https://contribua.org/bairros/oeste/catole/Rua_Vigario_Calixto__1201_0.jpg"""
11942+2015-02-20T14:45:20.209471+517+45039+602++2015-02-20T14:45:20.209505+++"""Qual local lhe parece mais seguro? Left https://contribua.org/bairros/oeste/catole/Rua_Aluisio_Cunha_Linha__50__90.jpg https://contribua.org/bairros/norte/centro/Avenida_Presidente_Getulio_Vargas__210__180.jpg"""
11948+2015-02-20T14:46:02.780539+517+45045+602++2015-02-20T14:46:02.780561+++"""Qual local lhe parece mais agrad%C3%A1vel? Left https://contribua.org/bairros/oeste/catole/Avenida_Prefeito_Severino_Bezerra_Cabral__218_90.jpg https://contribua.org/bairros/norte/centro/Rua_Felix_Araujo__48__90.jpg"""
11954+2015-02-20T14:46:20.217715+517+45051+602++2015-02-20T14:46:20.217747+++"""Qual local lhe parece mais agrad%C3%A1vel? Left https://contribua.org/bairros/oeste/liberdade/Rua_Padre_Pedro_Serrao__207__90.jpg https://contribua.org/bairros/oeste/catole/Rua_Deputado_Ascendino_Moura__101__270.jpg"""
11983+2015-02-20T15:49:30.624291+517+45075+622++2015-02-20T15:49:30.624324+++"""Qual local lhe parece mais agrad%C3%A1vel? Left https://contribua.org/bairros/oeste/liberdade/Rua_Padre_Pedro_Serrao__207__270.jpg https://contribua.org/bairros/oeste/catole/Rua_Doutor_Antonio_Telha__235_180.jpg"""
11976+2015-02-20T15:48:53.876702+517+45071+622++2015-02-20T15:48:53.876736+++"""Qual local lhe parece mais seguro? Left https://contribua.org/bairros/oeste/liberdade/Rua_Riachuelo__847__180.jpg https://contribua.org/bairros/norte/centro/Rua_Elias_Aforas__67__0.jpg"""
12017+2015-02-20T16:46:34.077823+517+45105+624++2015-02-20T16:46:34.077855+++"""Qual local lhe parece mais agrad%C3%A1vel? Right https://contribua.org/bairros/oeste/liberdade/Rua_Santa_Catarina__1231__0.jpg https://contribua.org/bairros/oeste/catole/Rua_Doutor_Antonio_Telha__68__90.jpg"""
11922+2015-02-20T14:43:27.947662+517+45019+602++2015-02-20T14:43:27.947695+++"""Qual local lhe parece mais agrad%C3%A1vel? Right https://contribua.org/bairros/oeste/liberdade/Rua_Sergipe__1337_90.jpg https://contribua.org/bairros/oeste/catole/Rua_Doutor_Antonio_Telha__235_180.jpg"""
11969+2015-02-20T15:47:54.695042+517+45066+622++2015-02-20T15:47:54.695058+++"""Qual local lhe parece mais seguro? Right https://contribua.org/bairros/oeste/liberdade/Avenida_Assis_Chateaubriand__1334__0.jpg https://contribua.org/bairros/norte/centro/Avenida_Presidente_Getulio_Vargas__210__180.jpg"""
11996+2015-02-20T16:40:25.787427+517+45084+624++2015-02-20T16:40:25.787461+++"""Qual local lhe parece mais seguro? Right https://contribua.org/bairros/norte/centro/Rua_Elias_Aforas__67__0.jpg https://contribua.org/bairros/norte/centro/Avenida_Presidente_Getulio_Vargas__210__180.jpg"""
11975+2015-02-20T15:48:49.564883+517+45070+622++2015-02-20T15:48:49.564917+++"""Qual local lhe parece mais agrad%C3%A1vel? Left https://contribua.org/bairros/oeste/catole/Rua_Luisa_Bezerra_Mota__246_90.jpg https://contribua.org/bairros/oeste/catole/Rua_Deputado_Ascendino_Moura__101__270.jpg"""
11950+2015-02-20T14:46:09.709038+517+45047+602++2015-02-20T14:46:09.709070+++"""Qual local lhe parece mais seguro? Left https://contribua.org/bairros/norte/centro/Rua_Doutor_Severino_Cruz__411__270.jpg https://contribua.org/bairros/norte/centro/Rua_Felix_Araujo__132__270.jpg"""
11972+2015-02-20T15:48:37.420017+517+45061+623++2015-02-20T15:48:37.420049+++"""Qual local lhe parece mais seguro? Right https://contribua.org/bairros/oeste/catole/Rua_Aluisio_Cunha_Linha__50__90.jpg https://contribua.org/bairros/norte/centro/Rua_Elias_Aforas__67__0.jpg"""
11979+2015-02-20T15:49:18.287816+517+45073+622++2015-02-20T15:49:18.287837+++"""Qual local lhe parece mais agrad%C3%A1vel? Right https://contribua.org/bairros/oeste/catole/Rua_Vigario_Calixto__1201_0.jpg https://contribua.org/bairros/oeste/catole/Rua_Luisa_Bezerra_Mota__246_90.jpg"""
11982+2015-02-20T15:49:29.386154+517+45074+623++2015-02-20T15:49:29.386171+++"""Qual local lhe parece mais agrad%C3%A1vel? Right https://contribua.org/bairros/oeste/liberdade/Rua_Santa_Catarina__1231__180.jpg https://contribua.org/bairros/oeste/catole/Rua_Doutor_Antonio_Telha__235_180.jpg"""
12005+2015-02-20T16:42:06.185415+517+45093+624++2015-02-20T16:42:06.185447+++"""{age=22|sex=Masculino|class=M\u00e9dia Baixa (R$ 1.450 a R$ 2.899,99)|educ=Gradua\u00e7\u00e3o|city=Campina Grande |time=20|rel=Solteiro|neig=cen} Qual local lhe parece mais agrad%C3%A1vel? Right https://contribua.org/bairros/oeste/catole/Rua_Luisa_Bezerra_Mota__246_270.jpg https://contribua.org/bairros/oeste/catole/Rua_Joao_Francisco_Mota__64__90.jpg"""
11959+2015-02-20T14:46:32.350988+517+45056+602++2015-02-20T14:46:32.351004+++"""Qual local lhe parece mais agrad%C3%A1vel? Right https://contribua.org/bairros/oeste/liberdade/Avenida_Assis_Chateaubriand__1334__0.jpg https://contribua.org/bairros/oeste/catole/Rua_Aluisio_Cunha_Linha__50__270.jpg"""
11986+2015-02-20T15:49:39.737160+517+45077+622++2015-02-20T15:49:39.737178+++"""Qual local lhe parece mais seguro? Right https://contribua.org/bairros/oeste/liberdade/Rua_Riachuelo__847__0.jpg https://contribua.org/bairros/norte/centro/Avenida_Presidente_Getulio_Vargas__210__180.jpg"""
12007+2015-02-20T16:42:38.986472+517+45095+624++2015-02-20T16:42:38.986500+++"""Qual local lhe parece mais agrad%C3%A1vel? Left https://contribua.org/bairros/oeste/liberdade/Rua_Odon_Bezerra__388__270.jpg https://contribua.org/bairros/oeste/catole/Rua_Deputado_Ascendino_Moura__101__270.jpg"""
12053+2015-02-20T22:49:14.715679+517+45141+518++2015-02-20T22:49:14.715712+++"""Qual local lhe parece mais agrad%C3%A1vel? Right https://contribua.org/bairros/oeste/liberdade/Rua_Odon_Bezerra__306_90.jpg https://contribua.org/bairros/oeste/catole/Rua_Otacilio_Nepomuceno__76_90.jpg"""
12054+2015-02-20T22:49:17.146173+517+45142+518++2015-02-20T22:49:17.146205+++"""Qual local lhe parece mais seguro? Right https://contribua.org/bairros/oeste/liberdade/Rua_Severino_Pimentel__511_90.jpg https://contribua.org/bairros/norte/centro/Avenida_Presidente_Joao_Pessoa__128__90.jpg"""
12055+2015-02-20T22:49:21.268861+517+45143+518++2015-02-20T22:49:21.268896+++"""Qual local lhe parece mais seguro? Left https://contribua.org/bairros/norte/centro/Rua_Quebra_Quilos__399__270.jpg https://contribua.org/bairros/norte/centro/Avenida_Dom_Pedro_II__119_90.jpg"""
12071+2015-02-20T22:52:51.241276+517+45159+518++2015-02-20T22:52:51.241292+++"""Qual local lhe parece mais agrad%C3%A1vel? Right https://contribua.org/bairros/oeste/catole/Rua_Olegario_Mariano__139_0.jpg https://contribua.org/bairros/oeste/catole/Rua_Doutor_Antonio_Telha__235_0.jpg"""
12075+2015-02-20T22:54:51.628543+517+45163+518++2015-02-20T22:54:51.628578+++"""Qual local lhe parece mais agrad%C3%A1vel? Right https://contribua.org/bairros/oeste/liberdade/Rua_Padre_Pedro_Serrao__353__90.jpg https://contribua.org/bairros/oeste/liberdade/Rua_Acre__635_270.jpg"""
12076+2015-02-20T22:54:53.579440+517+45164+518++2015-02-20T22:54:53.579474+++"""Qual local lhe parece mais agrad%C3%A1vel? Right https://contribua.org/bairros/oeste/liberdade/Avenida_Assis_Chateaubriand__1334__0.jpg https://contribua.org/bairros/oeste/catole/Rua_Luisa_Bezerra_Mota__246_270.jpg"""
14576+2015-03-18T00:58:45.239608+517+44016+669++2015-03-18T00:58:45.239640+++"""Qual local lhe parece mais agrad%C3%A1vel? Left https://contribua.org/bairros/oeste/catole/Rua_Doutor_Antonio_Telha__68__270.jpg https://contribua.org/bairros/norte/centro/Rua_Augusto_Severo__71_0.jpg"""
12044+2015-02-20T22:46:33.889511+517+45132+518++2015-02-20T22:46:33.889543+++"""Qual local lhe parece mais seguro? Right https://contribua.org/bairros/oeste/catole/Rua_Honorio_de_Melo__240__270.jpg https://contribua.org/bairros/norte/centro/Avenida_Presidente_Getulio_Vargas__271__90.jpg"""
14579+2015-03-18T00:58:47.723990+517+44084+669++2015-03-18T00:58:47.724004+++"""Qual local lhe parece mais seguro? Left https://contribua.org/bairros/oeste/liberdade/Rua_Odon_Bezerra__388__270.jpg https://contribua.org/bairros/oeste/catole/Rua_Honorio_de_Melo__240__270.jpg"""
14602+2015-03-19T00:58:03.492356+517+43901+670++2015-03-19T00:58:03.492387+++"""Qual local lhe parece mais agrad%C3%A1vel? Left https://contribua.org/bairros/oeste/liberdade/Rua_Odon_Bezerra__388__90.jpg https://contribua.org/bairros/norte/centro/Rua_Augusto_Severo__71_90.jpg"""
12051+2015-02-20T22:47:57.539229+517+45139+518++2015-02-20T22:47:57.539262+++"""Qual local lhe parece mais seguro? NotKnown https://contribua.org/bairros/norte/centro/Rua_Doutor_Severino_Cruz__411__270.jpg https://contribua.org/bairros/norte/centro/Avenida_Presidente_Getulio_Vargas__271__90.jpg"""
12092+2015-02-20T22:59:17.842441+517+45180+518++2015-02-20T22:59:17.842474+++"""Qual local lhe parece mais agrad%C3%A1vel? Left https://contribua.org/bairros/oeste/liberdade/Rua_Espirito_Santo__1288__0.jpg https://contribua.org/bairros/oeste/liberdade/Rua_Acre__635_270.jpg"""
12097+2015-02-20T23:00:18.462547+517+45185+518++2015-02-20T23:00:18.462580+++"""Qual local lhe parece mais agrad%C3%A1vel? Right https://contribua.org/bairros/oeste/liberdade/Rua_Acre__635_270.jpg https://contribua.org/bairros/oeste/catole/Rua_Inacio_Marques_da_Silva__434_270.jpg"""
14594+2015-03-19T00:56:29.169105+517+43947+670++2015-03-19T00:56:29.169138+++"""Qual local lhe parece mais agrad%C3%A1vel? Left https://contribua.org/bairros/oeste/liberdade/Rua_Odon_Bezerra__147_270.jpg https://contribua.org/bairros/norte/centro/Rua_Elias_Aforas__202_0.jpg"""
14605+2015-03-19T00:59:46.460116+517+43943+670++2015-03-19T00:59:46.460150+++"""Qual local lhe parece mais agrad%C3%A1vel? Left https://contribua.org/bairros/oeste/liberdade/Rua_Santa_Catarina__1231__0.jpg https://contribua.org/bairros/norte/centro/Rua_Elias_Aforas__202_0.jpg"""
15440+2015-03-23T22:07:59.689590+517+44398+689++2015-03-23T22:07:59.689621+++"""Qual local lhe parece mais seguro? Left https://contribua.org/bairros/oeste/liberdade/Rua_Odon_Bezerra__147_270.jpg https://contribua.org/bairros/norte/centro/Rua_Coronel_Salvino_Figueiredo__251_270.jpg"""
14626+2015-03-19T15:57:13.866782+517+43946+671++2015-03-19T15:57:13.866814+++"""Qual local lhe parece mais seguro? Right https://contribua.org/bairros/oeste/liberdade/Rua_Espirito_Santo__1288__180.jpg https://contribua.org/bairros/oeste/catole/Rua_Doutor_Antonio_Telha_-_Catole__Campina_Grande__270.jpg"""
14637+2015-03-19T15:58:50.854857+517+43995+671++2015-03-19T15:58:50.854878+++"""{age=19|sex=Masculino|class=Baixa (at\u00e9 R$ 1.449,99)|educ=Gradua\u00e7\u00e3o|city=Montadas - State of Para\u00edba, Brazil|time=19|rel=Solteiro|neig=} Qual local lhe parece mais agrad%C3%A1vel? Left https://contribua.org/bairros/oeste/liberdade/Rua_Riachuelo__455__0.jpg https://contribua.org/bairros/norte/centro/Avenida_Presidente_Getulio_Vargas__210__0.jpg"""
12088+2015-02-20T22:58:10.233270+517+45176+518++2015-02-20T22:58:10.233302+++"""Qual local lhe parece mais seguro? NotKnown https://contribua.org/bairros/oeste/liberdade/Avenida_Assis_Chateaubriand__1334__180.jpg https://contribua.org/bairros/norte/centro/Avenida_Dom_Pedro_II__119_90.jpg"""
14608+2015-03-19T01:00:11.668185+517+43950+670++2015-03-19T01:00:11.668217+++"""Qual local lhe parece mais seguro? NotKnown https://contribua.org/bairros/oeste/catole/Rua_Vigario_Calixto__1201_180.jpg https://contribua.org/bairros/norte/centro/Rua_Quebra_Quilos__399__90.jpg"""
12142+2015-02-23T20:49:05.085566+517+45230+516++2015-02-23T20:49:05.085601+++"""Qual local lhe parece mais seguro? Right https://contribua.org/bairros/oeste/liberdade/Rua_Edesio_Silva__602__180.jpg https://contribua.org/bairros/norte/centro/Avenida_Dom_Pedro_II__119_90.jpg"""
12186+2015-02-24T12:27:34.466936+517+45269+629++2015-02-24T12:27:34.466969+++"""Qual local lhe parece mais agrad%C3%A1vel? Right https://contribua.org/bairros/oeste/liberdade/Rua_Padre_Pedro_Serrao__336__90.jpg https://contribua.org/bairros/oeste/catole/Rua_Inacio_Marques_da_Silva__434_270.jpg"""
12276+2015-02-24T12:40:25.121714+517+45359+629++2015-02-24T12:40:25.121747+++"""Qual local lhe parece mais agrad%C3%A1vel? NotKnown https://contribua.org/bairros/oeste/liberdade/Rua_Santa_Catarina__1231__0.jpg https://contribua.org/bairros/oeste/catole/Rua_Sebastiao_Vieira_da_Silva__1273__0.jpg"""
12135+2015-02-23T17:39:22.870681+517+45223+626++2015-02-23T17:39:22.870715+++"""Qual local lhe parece mais seguro? Right https://contribua.org/bairros/oeste/liberdade/Rua_Odon_Bezerra__388__90.jpg https://contribua.org/bairros/norte/centro/Avenida_Dom_Pedro_II__500_270.jpg"""
12189+2015-02-24T12:28:16.478051+517+45272+629++2015-02-24T12:28:16.478084+++"""Qual local lhe parece mais seguro? Left https://contribua.org/bairros/norte/centro/Rua_Quebra_Quilos__399__90.jpg https://contribua.org/bairros/norte/centro/Avenida_Dom_Pedro_II__500_270.jpg"""
12123+2015-02-23T16:04:29.789044+517+45211+625++2015-02-23T16:04:29.789078+++"""Qual local lhe parece mais seguro? NotKnown https://contribua.org/bairros/oeste/catole/Avenida_Prefeito_Severino_Bezerra_Cabral__218_0.jpg https://contribua.org/bairros/norte/centro/Rua_Elias_Aforas__67__180.jpg"""
12187+2015-02-24T12:27:49.665398+517+45270+629++2015-02-24T12:27:49.665415+++"""Qual local lhe parece mais seguro? Right https://contribua.org/bairros/oeste/catole/Rua_Honorio_de_Melo__240__90.jpg https://contribua.org/bairros/norte/centro/Avenida_Presidente_Getulio_Vargas__271__90.jpg"""
12114+2015-02-23T16:02:30.771609+517+45202+625++2015-02-23T16:02:30.771646+++"""Qual local lhe parece mais seguro? Right https://contribua.org/bairros/norte/centro/Rua_Coronel_Salvino_Figueiredo__251_90.jpg https://contribua.org/bairros/norte/centro/Avenida_Dom_Pedro_II__500_270.jpg"""
12120+2015-02-23T16:04:10.769834+517+45208+625++2015-02-23T16:04:10.769867+++"""Qual local lhe parece mais seguro? NotKnown https://contribua.org/bairros/oeste/catole/Rua_Deputado_Ascendino_Moura__101__270.jpg https://contribua.org/bairros/norte/centro/Avenida_Barao_Rio_Branco__141_270.jpg"""
12191+2015-02-24T12:28:26.761238+517+45274+629++2015-02-24T12:28:26.761270+++"""Qual local lhe parece mais agrad%C3%A1vel? Right https://contribua.org/bairros/oeste/catole/Rua_Sebastiao_Vieira_da_Silva__1273__0.jpg https://contribua.org/bairros/oeste/catole/Rua_Aluisio_Cunha_Linha__50__90.jpg"""
12268+2015-02-24T12:39:56.641466+517+45351+629++2015-02-24T12:39:56.641499+++"""Qual local lhe parece mais seguro? Right https://contribua.org/bairros/oeste/liberdade/Rua_Espirito_Santo__1288__180.jpg https://contribua.org/bairros/norte/centro/Avenida_Presidente_Joao_Pessoa__128__90.jpg"""
12112+2015-02-23T16:02:17.157539+517+45200+625++2015-02-23T16:02:17.157556+++"""Qual local lhe parece mais agrad%C3%A1vel? Right https://contribua.org/bairros/oeste/catole/Rua_Vigario_Calixto__1201_180.jpg https://contribua.org/bairros/oeste/liberdade/Rua_Acre__635_270.jpg"""
12126+2015-02-23T17:37:44.044545+517+45214+626++2015-02-23T17:37:44.044585+++"""Qual local lhe parece mais agrad%C3%A1vel? Right https://contribua.org/bairros/oeste/liberdade/Rua_Odon_Bezerra__147_90.jpg https://contribua.org/bairros/oeste/catole/Rua_Olegario_Mariano__139_270.jpg"""
12151+2015-02-23T21:19:43.062061+517+45239+627++2015-02-23T21:19:43.062094+++"""Qual local lhe parece mais agrad%C3%A1vel? Left https://contribua.org/bairros/oeste/liberdade/Rua_Severino_Pimentel__321__180.jpg https://contribua.org/bairros/oeste/catole/Rua_Olegario_Mariano__139_90.jpg"""
12133+2015-02-23T17:39:05.569490+517+45221+626++2015-02-23T17:39:05.569522+++"""Qual local lhe parece mais seguro? Right https://contribua.org/bairros/oeste/catole/Rua_Luisa_Bezerra_Mota__246_90.jpg https://contribua.org/bairros/norte/centro/Avenida_Presidente_Joao_Pessoa__128__90.jpg"""
12150+2015-02-23T21:19:37.940881+517+45238+627++2015-02-23T21:19:37.940914+++"""Qual local lhe parece mais seguro? Right https://contribua.org/bairros/oeste/liberdade/Rua_Riachuelo__930__0.jpg https://contribua.org/bairros/norte/centro/Avenida_Dom_Pedro_II__500_270.jpg"""
12136+2015-02-23T17:40:10.922786+517+45224+626++2015-02-23T17:40:10.922819+++"""{age=26|sex=Feminino|class=M\u00e9dia Baixa (R$ 1.450 a R$ 2.899,99)|educ=Mestrado|city=Campina Grande - Para\u00edba, Brasil|time=26|rel=Solteiro|neig=} Qual local lhe parece mais seguro? Right https://contribua.org/bairros/oeste/catole/Rua_Doutor_Antonio_Telha__68__90.jpg https://contribua.org/bairros/norte/centro/Avenida_Presidente_Joao_Pessoa__128__90.jpg"""
12144+2015-02-23T21:18:57.326383+517+45232+627++2015-02-23T21:18:57.326416+++"""Qual local lhe parece mais agrad%C3%A1vel? Left https://contribua.org/bairros/oeste/liberdade/Rua_Odon_Bezerra__306_270.jpg https://contribua.org/bairros/oeste/catole/Rua_Doutor_Antonio_Telha_-_Catole__Campina_Grande__270.jpg"""
12149+2015-02-23T21:19:33.638704+517+45237+627++2015-02-23T21:19:33.638738+++"""Qual local lhe parece mais agrad%C3%A1vel? Left https://contribua.org/bairros/oeste/liberdade/Rua_Padre_Pedro_Serrao__353__270.jpg https://contribua.org/bairros/oeste/liberdade/Rua_Acre__635_270.jpg"""
12154+2015-02-23T21:19:58.627941+517+45242+627++2015-02-23T21:19:58.627972+++"""Qual local lhe parece mais seguro? Right https://contribua.org/bairros/norte/centro/Rua_Capitao_Joao_de_Sa__45__180.jpg https://contribua.org/bairros/norte/centro/Avenida_Presidente_Joao_Pessoa__128__180.jpg"""
12161+2015-02-23T21:53:41.941901+517+45249+627++2015-02-23T21:53:41.941933+++"""Qual local lhe parece mais seguro? Right https://contribua.org/bairros/oeste/catole/Rua_Sebastiao_Vieira_da_Silva__1273__0.jpg https://contribua.org/bairros/norte/centro/Rua_Elias_Aforas__67__180.jpg"""
12163+2015-02-23T21:53:50.835009+517+45251+627++2015-02-23T21:53:50.835031+++"""Qual local lhe parece mais seguro? Right https://contribua.org/bairros/norte/centro/Avenida_Dom_Pedro_II__500_270.jpg https://contribua.org/bairros/norte/centro/Avenida_Presidente_Getulio_Vargas__271__90.jpg"""
12169+2015-02-23T21:54:25.661183+517+45257+627++2015-02-23T21:54:25.661214+++"""Qual local lhe parece mais agrad%C3%A1vel? Right https://contribua.org/bairros/oeste/liberdade/Rua_Severino_Pimentel__321__0.jpg https://contribua.org/bairros/norte/centro/Rua_Quebra_Quilos__399__270.jpg"""
12220+2015-02-24T12:33:56.461978+517+45303+629++2015-02-24T12:33:56.462017+++"""Qual local lhe parece mais seguro? Right https://contribua.org/bairros/oeste/liberdade/Rua_Sergipe__1337_90.jpg https://contribua.org/bairros/norte/centro/Avenida_Barao_Rio_Branco__141_270.jpg"""
12166+2015-02-23T21:54:15.158118+517+45254+627++2015-02-23T21:54:15.158150+++"""Qual local lhe parece mais agrad%C3%A1vel? Right https://contribua.org/bairros/oeste/liberdade/Rua_Padre_Pedro_Serrao__336__270.jpg https://contribua.org/bairros/oeste/liberdade/Rua_Acre__635_270.jpg"""
12227+2015-02-24T12:34:58.845342+517+45310+629++2015-02-24T12:34:58.845377+++"""Qual local lhe parece mais seguro? Left https://contribua.org/bairros/norte/centro/Rua_Felix_Araujo__48__90.jpg https://contribua.org/bairros/norte/centro/Rua_Capitao_Joao_de_Sa__45__0.jpg"""
12263+2015-02-24T12:39:31.205250+517+45346+629++2015-02-24T12:39:31.205282+++"""Qual local lhe parece mais seguro? Right https://contribua.org/bairros/oeste/catole/Rua_Otacilio_Nepomuceno__76_90.jpg https://contribua.org/bairros/norte/centro/Avenida_Barao_Rio_Branco__141_270.jpg"""
12281+2015-02-24T12:40:45.262520+517+45364+629++2015-02-24T12:40:45.262553+++"""Qual local lhe parece mais agrad%C3%A1vel? NotKnown https://contribua.org/bairros/oeste/liberdade/Rua_Severino_Pimentel__511_270.jpg https://contribua.org/bairros/oeste/catole/Rua_Deputado_Ascendino_Moura__101__90.jpg"""
12172+2015-02-23T21:54:36.518419+517+45260+627++2015-02-23T21:54:36.518444+++"""Qual local lhe parece mais seguro? Right https://contribua.org/bairros/oeste/liberdade/Rua_Edesio_Silva__602__180.jpg https://contribua.org/bairros/norte/centro/Avenida_Dom_Pedro_II__500_90.jpg"""
12178+2015-02-23T21:55:42.043129+517+45266+627++2015-02-23T21:55:42.043145+++"""Qual local lhe parece mais agrad%C3%A1vel? Left https://contribua.org/bairros/oeste/catole/Rua_Olegario_Mariano__139_180.jpg https://contribua.org/bairros/oeste/catole/Rua_Deputado_Ascendino_Moura__101__90.jpg"""
12196+2015-02-24T12:29:11.296813+517+45279+629++2015-02-24T12:29:11.296846+++"""Qual local lhe parece mais seguro? Right https://contribua.org/bairros/norte/centro/Rua_Felix_Araujo__132__90.jpg https://contribua.org/bairros/norte/centro/Avenida_Barao_Rio_Branco__141_270.jpg"""
12225+2015-02-24T12:34:43.021308+517+45308+629++2015-02-24T12:34:43.021325+++"""Qual local lhe parece mais agrad%C3%A1vel? Right https://contribua.org/bairros/oeste/liberdade/Rua_Odon_Bezerra__388__90.jpg https://contribua.org/bairros/oeste/catole/Rua_Luisa_Bezerra_Mota__246_270.jpg"""
12238+2015-02-24T12:36:05.351165+517+45321+629++2015-02-24T12:36:05.351197+++"""Qual local lhe parece mais seguro? Right https://contribua.org/bairros/oeste/liberdade/Avenida_Assis_Chateaubriand__1334__0.jpg https://contribua.org/bairros/norte/centro/Rua_Capitao_Joao_de_Sa__45__0.jpg"""
12265+2015-02-24T12:39:39.682949+517+45348+629++2015-02-24T12:39:39.682983+++"""Qual local lhe parece mais seguro? Left https://contribua.org/bairros/norte/centro/Rua_Doutor_Severino_Cruz__411__90.jpg https://contribua.org/bairros/norte/centro/Rua_Elias_Aforas__67__180.jpg"""
12283+2015-02-24T12:40:54.393077+517+45366+629++2015-02-24T12:40:54.393109+++"""Qual local lhe parece mais seguro? Right https://contribua.org/bairros/oeste/catole/Rua_Olegario_Mariano__139_90.jpg https://contribua.org/bairros/norte/centro/Avenida_Dom_Pedro_II__500_90.jpg"""
12286+2015-02-24T12:41:07.350985+517+45369+629++2015-02-24T12:41:07.351018+++"""Qual local lhe parece mais seguro? Right https://contribua.org/bairros/oeste/liberdade/Rua_Riachuelo__930__0.jpg https://contribua.org/bairros/norte/centro/Avenida_Presidente_Joao_Pessoa__128__90.jpg"""
12176+2015-02-23T21:55:34.992558+517+45264+627++2015-02-23T21:55:34.992592+++"""Qual local lhe parece mais seguro? Left https://contribua.org/bairros/oeste/catole/Rua_Doutor_Antonio_Telha_-_Catole__Campina_Grande__270.jpg https://contribua.org/bairros/norte/centro/Avenida_Dom_Pedro_II__119_90.jpg"""
12193+2015-02-24T12:28:43.889778+517+45276+629++2015-02-24T12:28:43.889811+++"""Qual local lhe parece mais agrad%C3%A1vel? Left https://contribua.org/bairros/oeste/catole/Rua_Vigario_Calixto__1201_180.jpg https://contribua.org/bairros/oeste/catole/Rua_Olegario_Mariano__139_90.jpg"""
12202+2015-02-24T12:31:07.564795+517+45285+629++2015-02-24T12:31:07.564816+++"""Qual local lhe parece mais seguro? Left https://contribua.org/bairros/oeste/catole/Rua_Doutor_Antonio_Telha__235_180.jpg https://contribua.org/bairros/norte/centro/Avenida_Presidente_Joao_Pessoa__128__90.jpg"""
12226+2015-02-24T12:34:52.429456+517+45309+629++2015-02-24T12:34:52.429488+++"""Qual local lhe parece mais seguro? Right https://contribua.org/bairros/oeste/catole/Rua_Doutor_Antonio_Telha__235_0.jpg https://contribua.org/bairros/norte/centro/Avenida_Presidente_Getulio_Vargas__271__90.jpg"""
12262+2015-02-24T12:39:28.622732+517+45345+629++2015-02-24T12:39:28.622765+++"""Qual local lhe parece mais seguro? Right https://contribua.org/bairros/norte/centro/Rua_Coronel_Salvino_Figueiredo__251_90.jpg https://contribua.org/bairros/norte/centro/Avenida_Barao_Rio_Branco__141_270.jpg"""
12273+2015-02-24T12:40:14.958251+517+45356+629++2015-02-24T12:40:14.958268+++"""Qual local lhe parece mais agrad%C3%A1vel? Right https://contribua.org/bairros/oeste/catole/Rua_Sebastiao_Vieira_da_Silva__1273__0.jpg https://contribua.org/bairros/oeste/catole/Rua_Joao_Francisco_Mota__64__270.jpg"""
12317+2015-02-24T13:43:51.573647+517+45400+515++2015-02-24T13:43:51.573680+++"""Qual local lhe parece mais agrad%C3%A1vel? Right https://contribua.org/bairros/oeste/catole/Rua_Luisa_Bezerra_Mota__246_270.jpg https://contribua.org/bairros/oeste/liberdade/Rua_Edesio_Silva__602__0.jpg"""
12264+2015-02-24T12:39:35.210755+517+45347+629++2015-02-24T12:39:35.210787+++"""Qual local lhe parece mais seguro? NotKnown https://contribua.org/bairros/oeste/liberdade/Rua_Odon_Bezerra__306_270.jpg https://contribua.org/bairros/norte/centro/Avenida_Presidente_Getulio_Vargas__271__90.jpg"""
12311+2015-02-24T13:41:09.133580+517+45394+630++2015-02-24T13:41:09.133611+++"""Qual local lhe parece mais seguro? Right https://contribua.org/bairros/oeste/liberdade/Rua_Acre__635_270.jpg https://contribua.org/bairros/norte/centro/Avenida_Dom_Pedro_II__119_90.jpg"""
12346+2015-02-24T18:34:46.262094+517+45423+632++2015-02-24T18:34:46.262126+++"""Qual local lhe parece mais seguro? Right https://contribua.org/bairros/norte/centro/Rua_Pedro_Alvares_Cabral__129_90.jpg https://contribua.org/bairros/norte/centro/Avenida_Presidente_Joao_Pessoa__128__90.jpg"""
12369+2015-02-24T18:37:38.644376+517+45446+632++2015-02-24T18:37:38.644409+++"""Qual local lhe parece mais seguro? Right https://contribua.org/bairros/norte/centro/Rua_Pedro_Alvares_Cabral__129_90.jpg https://contribua.org/bairros/norte/centro/Rua_Elias_Aforas__67__180.jpg"""
12370+2015-02-24T18:37:41.436182+517+45447+632++2015-02-24T18:37:41.436234+++"""Qual local lhe parece mais agrad%C3%A1vel? Left https://contribua.org/bairros/oeste/catole/Rua_Olegario_Mariano__139_90.jpg https://contribua.org/bairros/oeste/catole/Rua_Doutor_Antonio_Telha__68__270.jpg"""
12375+2015-02-24T18:38:07.498400+517+45452+632++2015-02-24T18:38:07.498437+++"""Qual local lhe parece mais agrad%C3%A1vel? Left https://contribua.org/bairros/oeste/catole/Rua_Olegario_Mariano__139_270.jpg https://contribua.org/bairros/oeste/catole/Rua_Olegario_Mariano__139_90.jpg"""
14612+2015-03-19T01:00:41.310483+517+43956+670++2015-03-19T01:00:41.310514+++"""Qual local lhe parece mais agrad%C3%A1vel? Left https://contribua.org/bairros/oeste/liberdade/Rua_Riachuelo__847__180.jpg https://contribua.org/bairros/norte/centro/Rua_Augusto_Severo__71_0.jpg"""
12275+2015-02-24T12:40:21.388922+517+45358+629++2015-02-24T12:40:21.388956+++"""Qual local lhe parece mais agrad%C3%A1vel? NotKnown https://contribua.org/bairros/oeste/liberdade/Avenida_Assis_Chateaubriand__1334__180.jpg https://contribua.org/bairros/oeste/catole/Rua_Doutor_Antonio_Telha__235_0.jpg"""
12253+2015-02-24T12:37:19.440425+517+45336+629++2015-02-24T12:37:19.440512+++"""Qual local lhe parece mais agrad%C3%A1vel? NotKnown https://contribua.org/bairros/oeste/catole/Rua_Otacilio_Nepomuceno__76_0.jpg https://contribua.org/bairros/oeste/catole/Rua_Joao_Francisco_Mota__64__270.jpg"""
12254+2015-02-24T12:37:23.236543+517+45337+629++2015-02-24T12:37:23.236578+++"""Qual local lhe parece mais agrad%C3%A1vel? Right https://contribua.org/bairros/oeste/catole/Rua_Doutor_Antonio_Telha__235_0.jpg https://contribua.org/bairros/oeste/catole/Rua_Inacio_Marques_da_Silva__434_270.jpg"""
12287+2015-02-24T13:37:16.748243+517+45370+630++2015-02-24T13:37:16.748280+++"""Qual local lhe parece mais agrad%C3%A1vel? Right https://contribua.org/bairros/oeste/catole/Rua_Aluisio_Cunha_Linha__50__90.jpg https://contribua.org/bairros/oeste/catole/Rua_Otacilio_Nepomuceno__76_90.jpg"""
14632+2015-03-19T15:57:46.137763+517+43988+671++2015-03-19T15:57:46.137783+++"""Qual local lhe parece mais agrad%C3%A1vel? Right https://contribua.org/bairros/oeste/liberdade/Rua_Espirito_Santo__1288__180.jpg https://contribua.org/bairros/norte/centro/Rua_Elias_Aforas__67__0.jpg"""
14639+2015-03-19T15:59:00.034840+517+43735+671++2015-03-19T15:59:00.034873+++"""Qual local lhe parece mais agrad%C3%A1vel? Right https://contribua.org/bairros/oeste/catole/Rua_Doutor_Antonio_Telha__68__90.jpg https://contribua.org/bairros/norte/centro/Avenida_Dom_Pedro_II__119_90.jpg"""
12274+2015-02-24T12:40:18.159893+517+45357+629++2015-02-24T12:40:18.159928+++"""Qual local lhe parece mais seguro? NotKnown https://contribua.org/bairros/norte/centro/Rua_Manoel_P._de_Araujo__150_90.jpg https://contribua.org/bairros/norte/centro/Avenida_Presidente_Joao_Pessoa__128__90.jpg"""
12332+2015-02-24T14:39:00.817660+517+45409+631++2015-02-24T14:39:00.817693+++"""Qual local lhe parece mais seguro? NotKnown https://contribua.org/bairros/oeste/catole/Rua_Olegario_Mariano__139_0.jpg https://contribua.org/bairros/norte/centro/Rua_Elias_Aforas__67__180.jpg"""
12339+2015-02-24T14:39:45.868974+517+45416+631++2015-02-24T14:39:45.869009+++"""Qual local lhe parece mais seguro? Right https://contribua.org/bairros/oeste/liberdade/Rua_Espirito_Santo__1288__180.jpg https://contribua.org/bairros/norte/centro/Avenida_Dom_Pedro_II__500_270.jpg"""
15398+2015-03-23T22:00:25.128376+517+44358+686++2015-03-23T22:00:25.128408+++"""Qual local lhe parece mais seguro? Left https://contribua.org/bairros/oeste/catole/Rua_Luisa_Bezerra_Mota__246_90.jpg https://contribua.org/bairros/norte/centro/Rua_Felix_Araujo__48__270.jpg"""
15439+2015-03-23T22:07:53.709447+517+44376+688++2015-03-23T22:07:53.709479+++"""{age=19|sex=Masculino|class=M\u00e9dia Baixa (R$ 1.450 a R$ 2.899,99)|educ=Gradua\u00e7\u00e3o|city=Campina Grande - Para\u00edba, Brasil|time=19|rel=Solteiro|neig=cen;cat} Qual local lhe parece mais agrad%C3%A1vel? Right https://contribua.org/bairros/oeste/liberdade/Rua_Odon_Bezerra__388__270.jpg https://contribua.org/bairros/norte/centro/Rua_Joao_da_Mata__490_270.jpg"""
15453+2015-03-23T22:08:37.428571+517+44407+688++2015-03-23T22:08:37.428604+++"""Qual local lhe parece mais seguro? Right https://contribua.org/bairros/oeste/catole/Rua_Joao_Francisco_Mota__64__270.jpg https://contribua.org/bairros/norte/centro/Rua_Joao_da_Mata__490_270.jpg"""
12306+2015-02-24T13:40:37.520987+517+45389+630++2015-02-24T13:40:37.521021+++"""Qual local lhe parece mais seguro? Right https://contribua.org/bairros/oeste/liberdade/Rua_Acre__635_90.jpg https://contribua.org/bairros/norte/centro/Avenida_Dom_Pedro_II__500_270.jpg"""
12335+2015-02-24T14:39:17.764693+517+45412+631++2015-02-24T14:39:17.764726+++"""Qual local lhe parece mais agrad%C3%A1vel? Right https://contribua.org/bairros/oeste/liberdade/Rua_Odon_Bezerra__147_90.jpg https://contribua.org/bairros/oeste/catole/Rua_Joao_Francisco_Mota__64__270.jpg"""
15385+2015-03-23T21:51:31.718440+517+44379+686++2015-03-23T21:51:31.718471+++"""Qual local lhe parece mais agrad%C3%A1vel? Left https://contribua.org/bairros/oeste/liberdade/Rua_Severino_Pimentel__511_270.jpg https://contribua.org/bairros/norte/centro/Rua_Pedro_Alvares_Cabral__129_90.jpg"""
15392+2015-03-23T21:58:21.449143+517+44074+686++2015-03-23T21:58:21.449174+++"""Qual local lhe parece mais agrad%C3%A1vel? Right https://contribua.org/bairros/oeste/catole/Rua_Doutor_Antonio_Telha__235_0.jpg https://contribua.org/bairros/norte/centro/Rua_Augusto_Severo__71_0.jpg"""
12343+2015-02-24T18:34:29.800816+517+45420+632++2015-02-24T18:34:29.800837+++"""Qual local lhe parece mais seguro? Right https://contribua.org/bairros/oeste/liberdade/Rua_Sergipe__1337_90.jpg https://contribua.org/bairros/norte/centro/Avenida_Presidente_Getulio_Vargas__395__90.jpg"""
12377+2015-02-24T18:38:13.778838+517+45454+632++2015-02-24T18:38:13.778876+++"""Qual local lhe parece mais agrad%C3%A1vel? Right https://contribua.org/bairros/oeste/liberdade/Rua_Espirito_Santo__1288__180.jpg https://contribua.org/bairros/oeste/catole/Rua_Luisa_Bezerra_Mota__246_270.jpg"""
14642+2015-03-21T20:18:53.679310+517+43979+672++2015-03-21T20:18:53.679344+++"""Qual local lhe parece mais seguro? Left https://contribua.org/bairros/oeste/liberdade/Rua_Padre_Pedro_Serrao__207__270.jpg https://contribua.org/bairros/norte/centro/Rua_Manoel_P._de_Araujo__150_270.jpg"""
14645+2015-03-21T20:19:35.695216+517+44017+672++2015-03-21T20:19:35.695249+++"""Qual local lhe parece mais seguro? Left https://contribua.org/bairros/oeste/liberdade/Rua_Padre_Pedro_Serrao__336__90.jpg https://contribua.org/bairros/norte/centro/Rua_Quebra_Quilos__399__90.jpg"""
14646+2015-03-21T20:19:56.955268+517+43955+672++2015-03-21T20:19:56.955302+++"""Qual local lhe parece mais agrad%C3%A1vel? Right https://contribua.org/bairros/oeste/catole/Rua_Doutor_Antonio_Telha__68__270.jpg https://contribua.org/bairros/norte/centro/Rua_Doutor_Severino_Cruz__411__90.jpg"""
12355+2015-02-24T18:36:33.716848+517+45432+632++2015-02-24T18:36:33.716880+++"""Qual local lhe parece mais seguro? Left https://contribua.org/bairros/norte/centro/Rua_Felix_Araujo__132__90.jpg https://contribua.org/bairros/norte/centro/Avenida_Dom_Pedro_II__119_90.jpg"""
12371+2015-02-24T18:37:44.390981+517+45448+632++2015-02-24T18:37:44.391013+++"""Qual local lhe parece mais agrad%C3%A1vel? Right https://contribua.org/bairros/oeste/liberdade/Rua_Odon_Bezerra__388__270.jpg https://contribua.org/bairros/oeste/catole/Rua_Inacio_Marques_da_Silva__434_270.jpg"""
12376+2015-02-24T18:38:10.561838+517+45453+632++2015-02-24T18:38:10.561869+++"""Qual local lhe parece mais seguro? Right https://contribua.org/bairros/norte/centro/Rua_Manoel_P._de_Araujo__370_180.jpg https://contribua.org/bairros/norte/centro/Avenida_Presidente_Joao_Pessoa__128__180.jpg"""
14655+2015-03-21T20:22:10.314766+517+43937+672++2015-03-21T20:22:10.314799+++"""Qual local lhe parece mais seguro? Left https://contribua.org/bairros/oeste/liberdade/Avenida_Assis_Chateaubriand__1334__180.jpg https://contribua.org/bairros/norte/centro/Rua_Manoel_P._de_Araujo__150_270.jpg"""
14667+2015-03-21T20:45:58.202469+517+43931+673++2015-03-21T20:45:58.202501+++"""Qual local lhe parece mais agrad%C3%A1vel? Right https://contribua.org/bairros/oeste/catole/Rua_Sebastiao_Vieira_da_Silva__1273__0.jpg https://contribua.org/bairros/norte/centro/Rua_Coronel_Salvino_Figueiredo__251_270.jpg"""
14668+2015-03-21T20:46:03.235234+517+43926+673++2015-03-21T20:46:03.235267+++"""Qual local lhe parece mais seguro? Right https://contribua.org/bairros/oeste/catole/Rua_Inacio_Marques_da_Silva__434_90.jpg https://contribua.org/bairros/oeste/liberdade/Rua_Edesio_Silva__602__0.jpg"""
14669+2015-03-21T20:46:15.664925+517+43885+673++2015-03-21T20:46:15.664957+++"""Qual local lhe parece mais seguro? NotKnown https://contribua.org/bairros/oeste/liberdade/Rua_Riachuelo__847__0.jpg https://contribua.org/bairros/oeste/catole/Rua_Cristina_Procopio_da_Silva__62__90.jpg"""
12367+2015-02-24T18:37:23.469038+517+45444+632++2015-02-24T18:37:23.469055+++"""Qual local lhe parece mais agrad%C3%A1vel? NotKnown https://contribua.org/bairros/oeste/liberdade/Rua_Severino_Pimentel__439__180.jpg https://contribua.org/bairros/oeste/liberdade/Rua_Edesio_Silva__602__0.jpg"""
14652+2015-03-21T20:20:44.661608+517+43999+672++2015-03-21T20:20:44.661638+++"""Qual local lhe parece mais seguro? Left https://contribua.org/bairros/oeste/liberdade/Rua_Severino_Pimentel__511_90.jpg https://contribua.org/bairros/norte/centro/Rua_Pedro_Alvares_Cabral__129_90.jpg"""
15379+2015-03-23T21:51:18.468177+517+44240+686++2015-03-23T21:51:18.468209+++"""Qual local lhe parece mais agrad%C3%A1vel? Left https://contribua.org/bairros/oeste/liberdade/Rua_Sergipe__1337_0.jpg https://contribua.org/bairros/norte/centro/Avenida_Presidente_Getulio_Vargas__210__0.jpg"""
15383+2015-03-23T21:51:27.625241+517+44401+686++2015-03-23T21:51:27.625272+++"""Qual local lhe parece mais seguro? Left https://contribua.org/bairros/oeste/liberdade/Rua_Edesio_Silva__602__0.jpg https://contribua.org/bairros/norte/centro/Rua_Felix_Araujo__48__90.jpg"""
15391+2015-03-23T21:58:19.261629+517+44374+686++2015-03-23T21:58:19.261662+++"""Qual local lhe parece mais seguro? Left https://contribua.org/bairros/oeste/catole/Avenida_Prefeito_Severino_Bezerra_Cabral__218_90.jpg https://contribua.org/bairros/norte/centro/Rua_Joao_da_Mata__490_90.jpg"""
15404+2015-03-23T22:00:46.097929+517+44465+686++2015-03-23T22:00:46.097964+++"""Qual local lhe parece mais agrad%C3%A1vel? Left https://contribua.org/bairros/oeste/liberdade/Rua_Acre__635_90.jpg https://contribua.org/bairros/norte/centro/Rua_Manoel_P._de_Araujo__370_180.jpg"""
15410+2015-03-23T22:01:00.611367+517+44353+686++2015-03-23T22:01:00.611399+++"""Qual local lhe parece mais agrad%C3%A1vel? Left https://contribua.org/bairros/oeste/catole/Avenida_Prefeito_Severino_Bezerra_Cabral__218_0.jpg https://contribua.org/bairros/norte/centro/Rua_Joao_da_Mata__490_90.jpg"""
12368+2015-02-24T18:37:36.276331+517+45445+632++2015-02-24T18:37:36.276364+++"""Qual local lhe parece mais seguro? Left https://contribua.org/bairros/oeste/catole/Rua_Joao_Francisco_Mota__64__270.jpg https://contribua.org/bairros/norte/centro/Avenida_Dom_Pedro_II__500_90.jpg"""
12384+2015-02-24T18:38:59.627850+517+45461+632++2015-02-24T18:38:59.627888+++"""Qual local lhe parece mais seguro? NotKnown https://contribua.org/bairros/oeste/liberdade/Rua_Odon_Bezerra__388__90.jpg https://contribua.org/bairros/norte/centro/Avenida_Presidente_Getulio_Vargas__271__90.jpg"""
14663+2015-03-21T20:45:26.952969+517+43968+673++2015-03-21T20:45:26.953004+++"""Qual local lhe parece mais seguro? Left https://contribua.org/bairros/oeste/catole/Rua_Luisa_Bezerra_Mota__246_90.jpg https://contribua.org/bairros/oeste/catole/Rua_Doutor_Antonio_Telha__68__270.jpg"""
15408+2015-03-23T22:00:55.801164+517+44467+686++2015-03-23T22:00:55.801196+++"""Qual local lhe parece mais agrad%C3%A1vel? Left https://contribua.org/bairros/oeste/catole/Rua_Deputado_Ascendino_Moura__101__90.jpg https://contribua.org/bairros/norte/centro/Rua_Quebra_Quilos__399__90.jpg"""
15411+2015-03-23T22:01:02.869948+517+44407+686++2015-03-23T22:01:02.869980+++"""Qual local lhe parece mais seguro? Left https://contribua.org/bairros/oeste/catole/Rua_Joao_Francisco_Mota__64__270.jpg https://contribua.org/bairros/norte/centro/Rua_Joao_da_Mata__490_270.jpg"""
15437+2015-03-23T22:07:43.135936+517+44392+689++2015-03-23T22:07:43.135969+++"""Qual local lhe parece mais seguro? Left https://contribua.org/bairros/oeste/liberdade/Rua_Odon_Bezerra__147_90.jpg https://contribua.org/bairros/oeste/catole/Avenida_Prefeito_Severino_Bezerra_Cabral__218_0.jpg"""
15442+2015-03-23T22:08:18.839337+517+44396+686++2015-03-23T22:08:18.839370+++"""Qual local lhe parece mais seguro? Left https://contribua.org/bairros/oeste/catole/Rua_Honorio_de_Melo__240__90.jpg https://contribua.org/bairros/oeste/catole/Rua_Doutor_Antonio_Telha__235_180.jpg"""
12392+2015-02-24T18:39:34.523465+517+45469+632++2015-02-24T18:39:34.523487+++"""Qual local lhe parece mais agrad%C3%A1vel? Right https://contribua.org/bairros/oeste/liberdade/Rua_Severino_Pimentel__321__0.jpg https://contribua.org/bairros/oeste/catole/Rua_Joao_Francisco_Mota__64__270.jpg"""
14666+2015-03-21T20:45:51.096540+517+44034+673++2015-03-21T20:45:51.096574+++"""Qual local lhe parece mais agrad%C3%A1vel? Right https://contribua.org/bairros/oeste/liberdade/Rua_Severino_Pimentel__439__0.jpg https://contribua.org/bairros/norte/centro/Avenida_Presidente_Getulio_Vargas__210__0.jpg"""
15409+2015-03-23T22:00:57.738829+517+44448+686++2015-03-23T22:00:57.738862+++"""Qual local lhe parece mais seguro? Right https://contribua.org/bairros/oeste/liberdade/Rua_Riachuelo__455__0.jpg https://contribua.org/bairros/norte/centro/Rua_Joao_da_Mata__490_270.jpg"""
15430+2015-03-23T22:06:30.713742+517+44379+688++2015-03-23T22:06:30.713763+++"""Qual local lhe parece mais agrad%C3%A1vel? Left https://contribua.org/bairros/oeste/liberdade/Rua_Severino_Pimentel__511_270.jpg https://contribua.org/bairros/norte/centro/Rua_Pedro_Alvares_Cabral__129_90.jpg"""
15441+2015-03-23T22:08:08.914531+517+44397+688++2015-03-23T22:08:08.914564+++"""Qual local lhe parece mais seguro? Right https://contribua.org/bairros/norte/centro/Rua_Quebra_Quilos__399__270.jpg https://contribua.org/bairros/norte/centro/Rua_Doutor_Severino_Cruz__411__270.jpg"""
15443+2015-03-23T22:08:20.494648+517+44342+689++2015-03-23T22:08:20.494680+++"""Qual local lhe parece mais agrad%C3%A1vel? Left https://contribua.org/bairros/oeste/liberdade/Rua_Odon_Bezerra__147_90.jpg https://contribua.org/bairros/norte/centro/Rua_Felix_Araujo__132__90.jpg"""
15446+2015-03-23T22:08:26.759490+517+44447+686++2015-03-23T22:08:26.759523+++"""Qual local lhe parece mais agrad%C3%A1vel? Right https://contribua.org/bairros/oeste/catole/Rua_Otacilio_Nepomuceno__76_0.jpg https://contribua.org/bairros/oeste/catole/Avenida_Prefeito_Severino_Bezerra_Cabral__218_0.jpg"""
15447+2015-03-23T22:08:27.283119+517+44357+688++2015-03-23T22:08:27.283146+++"""Qual local lhe parece mais agrad%C3%A1vel? Left https://contribua.org/bairros/oeste/catole/Rua_Doutor_Antonio_Telha__235_0.jpg https://contribua.org/bairros/oeste/catole/Rua_Cristina_Procopio_da_Silva__62__270.jpg"""
15426+2015-03-23T22:04:25.854101+517+44332+688++2015-03-23T22:04:25.854139+++"""Qual local lhe parece mais seguro? Left https://contribua.org/bairros/oeste/catole/Rua_Joao_Francisco_Mota__64__90.jpg https://contribua.org/bairros/oeste/catole/Rua_Deputado_Ascendino_Moura__101__90.jpg"""
15428+2015-03-23T22:06:08.131482+517+44328+688++2015-03-23T22:06:08.131514+++"""Qual local lhe parece mais seguro? Right https://contribua.org/bairros/oeste/catole/Rua_Doutor_Antonio_Telha__235_180.jpg https://contribua.org/bairros/norte/centro/Rua_Doutor_Severino_Cruz__411__270.jpg"""
15466+2015-03-23T22:09:01.550479+517+44290+688++2015-03-23T22:09:01.550511+++"""Qual local lhe parece mais seguro? Right https://contribua.org/bairros/oeste/catole/Avenida_Prefeito_Severino_Bezerra_Cabral__218_90.jpg https://contribua.org/bairros/norte/centro/Rua_Felix_Araujo__48__90.jpg"""
12400+2015-02-24T18:40:02.319982+517+45477+632++2015-02-24T18:40:02.320014+++"""Qual local lhe parece mais agrad%C3%A1vel? Right https://contribua.org/bairros/oeste/liberdade/Rua_Severino_Pimentel__439__0.jpg https://contribua.org/bairros/norte/centro/Rua_Quebra_Quilos__399__270.jpg"""
12410+2015-02-24T18:40:54.204378+517+45487+632++2015-02-24T18:40:54.204418+++"""Qual local lhe parece mais agrad%C3%A1vel? Right https://contribua.org/bairros/oeste/catole/Rua_Olegario_Mariano__139_180.jpg https://contribua.org/bairros/oeste/catole/Rua_Luisa_Bezerra_Mota__246_270.jpg"""
12468+2015-02-24T22:25:19.397328+517+45545+515++2015-02-24T22:25:19.397370+++"""Qual local lhe parece mais agrad%C3%A1vel? Right https://contribua.org/bairros/oeste/liberdade/Rua_Severino_Pimentel__439__0.jpg https://contribua.org/bairros/oeste/catole/Rua_Honorio_de_Melo__240__270.jpg"""
12546+2015-02-25T01:15:09.687216+517+45623+515++2015-02-25T01:15:09.687234+++"""Qual local lhe parece mais seguro? Right https://contribua.org/bairros/oeste/catole/Rua_Cristina_Procopio_da_Silva__62__270.jpg https://contribua.org/bairros/oeste/liberdade/Rua_Riachuelo__455__180.jpg"""
12562+2015-02-25T01:17:26.222734+517+45639+515++2015-02-25T01:17:26.222766+++"""Qual local lhe parece mais seguro? NotKnown https://contribua.org/bairros/oeste/catole/Rua_Olegario_Mariano__139_180.jpg https://contribua.org/bairros/norte/centro/Avenida_Presidente_Getulio_Vargas__395__270.jpg"""
12594+2015-02-25T14:46:29.358103+517+45671+512++2015-02-25T14:46:29.358145+++"""Qual local lhe parece mais seguro? Left https://contribua.org/bairros/oeste/catole/Rua_Vigario_Calixto__1201_180.jpg https://contribua.org/bairros/norte/centro/Avenida_Presidente_Getulio_Vargas__395__270.jpg"""
12618+2015-02-25T16:47:18.792065+517+45695+512++2015-02-25T16:47:18.792098+++"""Qual local lhe parece mais seguro? NotKnown https://contribua.org/bairros/norte/centro/Rua_Felix_Araujo__48__90.jpg https://contribua.org/bairros/norte/centro/Avenida_Dom_Pedro_II__119_270.jpg"""
12421+2015-02-24T18:41:36.833587+517+45498+632++2015-02-24T18:41:36.833620+++"""Qual local lhe parece mais agrad%C3%A1vel? Left https://contribua.org/bairros/oeste/catole/Rua_Honorio_de_Melo__240__270.jpg https://contribua.org/bairros/oeste/catole/Rua_Doutor_Antonio_Telha__68__270.jpg"""
12439+2015-02-24T18:43:12.153040+517+45516+632++2015-02-24T18:43:12.153064+++"""Qual local lhe parece mais seguro? Right https://contribua.org/bairros/oeste/liberdade/Rua_Padre_Pedro_Serrao__336__90.jpg https://contribua.org/bairros/norte/centro/Avenida_Presidente_Getulio_Vargas__395__90.jpg"""
12452+2015-02-24T20:49:31.828281+517+45529+633++2015-02-24T20:49:31.828327+++"""Qual local lhe parece mais seguro? Right https://contribua.org/bairros/norte/centro/Rua_Manoel_P._de_Araujo__370_0.jpg https://contribua.org/bairros/norte/centro/Avenida_Dom_Pedro_II__119_270.jpg"""
12484+2015-02-24T22:44:28.706034+517+45561+515++2015-02-24T22:44:28.706066+++"""Qual local lhe parece mais seguro? NotKnown https://contribua.org/bairros/norte/centro/Rua_Capitao_Joao_de_Sa__45__0.jpg https://contribua.org/bairros/norte/centro/Avenida_Presidente_Getulio_Vargas__395__270.jpg"""
12491+2015-02-24T22:46:25.206952+517+45568+515++2015-02-24T22:46:25.206990+++"""Qual local lhe parece mais seguro? Left https://contribua.org/bairros/oeste/liberdade/Rua_Riachuelo__930__180.jpg https://contribua.org/bairros/norte/centro/Avenida_Dom_Pedro_II__119_270.jpg"""
12453+2015-02-24T20:49:35.676835+517+45530+633++2015-02-24T20:49:35.676871+++"""Qual local lhe parece mais seguro? Right https://contribua.org/bairros/norte/centro/Rua_Coronel_Salvino_Figueiredo__251_90.jpg https://contribua.org/bairros/norte/centro/Avenida_Presidente_Getulio_Vargas__271__270.jpg"""
12409+2015-02-24T18:40:52.530814+517+45486+632++2015-02-24T18:40:52.530848+++"""Qual local lhe parece mais seguro? Right https://contribua.org/bairros/oeste/liberdade/Rua_Severino_Pimentel__511_270.jpg https://contribua.org/bairros/norte/centro/Avenida_Dom_Pedro_II__500_90.jpg"""
12415+2015-02-24T18:41:22.317291+517+45492+632++2015-02-24T18:41:22.317324+++"""Qual local lhe parece mais agrad%C3%A1vel? Left https://contribua.org/bairros/oeste/liberdade/Rua_Padre_Pedro_Serrao__336__270.jpg https://contribua.org/bairros/oeste/catole/Rua_Sebastiao_Vieira_da_Silva__1273__0.jpg"""
12481+2015-02-24T22:44:09.214946+517+45558+515++2015-02-24T22:44:09.214979+++"""Qual local lhe parece mais agrad%C3%A1vel? Left https://contribua.org/bairros/oeste/liberdade/Rua_Severino_Pimentel__511_90.jpg https://contribua.org/bairros/oeste/liberdade/Rua_Odon_Bezerra__306_270.jpg"""
12492+2015-02-24T22:46:43.566928+517+45569+515++2015-02-24T22:46:43.566951+++"""Qual local lhe parece mais agrad%C3%A1vel? Left https://contribua.org/bairros/oeste/liberdade/Rua_Padre_Pedro_Serrao__336__270.jpg https://contribua.org/bairros/oeste/catole/Rua_Otacilio_Nepomuceno__76_0.jpg"""
12569+2015-02-25T14:39:19.465555+517+45646+512++2015-02-25T14:39:19.465595+++"""Qual local lhe parece mais agrad%C3%A1vel? Left https://contribua.org/bairros/oeste/liberdade/Rua_Severino_Pimentel__321__0.jpg https://contribua.org/bairros/oeste/liberdade/Rua_Odon_Bezerra__147_90.jpg"""
12626+2015-02-25T17:25:18.298699+517+45703+512++2015-02-25T17:25:18.298733+++"""Qual local lhe parece mais seguro? NotKnown https://contribua.org/bairros/norte/centro/Avenida_Presidente_Getulio_Vargas__395__90.jpg https://contribua.org/bairros/norte/centro/Avenida_Presidente_Getulio_Vargas__271__270.jpg"""
12692+2015-02-25T18:25:49.528773+517+45769+634++2015-02-25T18:25:49.528815+++"""Qual local lhe parece mais seguro? NotKnown https://contribua.org/bairros/oeste/liberdade/Rua_Riachuelo__847__0.jpg https://contribua.org/bairros/oeste/liberdade/Rua_Riachuelo__455__180.jpg"""
12446+2015-02-24T20:48:56.061647+517+45523+633++2015-02-24T20:48:56.061682+++"""Qual local lhe parece mais agrad%C3%A1vel? Left https://contribua.org/bairros/oeste/liberdade/Rua_Severino_Pimentel__511_270.jpg https://contribua.org/bairros/oeste/catole/Rua_Olegario_Mariano__139_180.jpg"""
12451+2015-02-24T20:49:28.817980+517+45528+633++2015-02-24T20:49:28.818014+++"""Qual local lhe parece mais agrad%C3%A1vel? Right https://contribua.org/bairros/oeste/liberdade/Rua_Severino_Pimentel__321__180.jpg https://contribua.org/bairros/oeste/catole/Rua_Otacilio_Nepomuceno__76_0.jpg"""
12550+2015-02-25T01:15:34.629412+517+45627+515++2015-02-25T01:15:34.629447+++"""Qual local lhe parece mais agrad%C3%A1vel? Right https://contribua.org/bairros/oeste/liberdade/Rua_Severino_Pimentel__321__0.jpg https://contribua.org/bairros/oeste/catole/Rua_Olegario_Mariano__139_180.jpg"""
12584+2015-02-25T14:43:12.801028+517+45661+512++2015-02-25T14:43:12.801062+++"""Qual local lhe parece mais seguro? Left https://contribua.org/bairros/oeste/liberdade/Rua_Odon_Bezerra__147_270.jpg https://contribua.org/bairros/norte/centro/Avenida_Barao_Rio_Branco__141_90.jpg"""
12488+2015-02-24T22:45:35.722189+517+45565+515++2015-02-24T22:45:35.722222+++"""Qual local lhe parece mais seguro? Left https://contribua.org/bairros/oeste/catole/Rua_Doutor_Antonio_Telha__235_180.jpg https://contribua.org/bairros/norte/centro/Avenida_Presidente_Getulio_Vargas__395__90.jpg"""
12509+2015-02-24T22:51:46.909432+517+45586+515++2015-02-24T22:51:46.909465+++"""Qual local lhe parece mais agrad%C3%A1vel? Left https://contribua.org/bairros/oeste/liberdade/Rua_Acre__635_90.jpg https://contribua.org/bairros/oeste/liberdade/Avenida_Assis_Chateaubriand__1334__180.jpg"""
12624+2015-02-25T16:49:07.061179+517+45701+512++2015-02-25T16:49:07.061200+++"""Qual local lhe parece mais seguro? Left https://contribua.org/bairros/norte/centro/Rua_Pedro_Alvares_Cabral__129_180.jpg https://contribua.org/bairros/norte/centro/Rua_Elias_Aforas__202_180.jpg"""
12590+2015-02-25T14:45:53.659219+517+45667+512++2015-02-25T14:45:53.659238+++"""Qual local lhe parece mais seguro? NotKnown https://contribua.org/bairros/oeste/liberdade/Rua_Padre_Pedro_Serrao__207__90.jpg https://contribua.org/bairros/oeste/liberdade/Rua_Riachuelo__455__180.jpg"""
12628+2015-02-25T17:25:30.150716+517+45705+512++2015-02-25T17:25:30.150733+++"""Qual local lhe parece mais agrad%C3%A1vel? Left https://contribua.org/bairros/oeste/liberdade/Rua_Riachuelo__847__180.jpg https://contribua.org/bairros/oeste/liberdade/Rua_Odon_Bezerra__388__270.jpg"""
12655+2015-02-25T18:15:35.254437+517+45732+514++2015-02-25T18:15:35.254469+++"""Qual local lhe parece mais seguro? Right https://contribua.org/bairros/oeste/liberdade/Rua_Acre__635_270.jpg https://contribua.org/bairros/norte/centro/Avenida_Barao_Rio_Branco__141_90.jpg"""
12431+2015-02-24T18:42:36.573165+517+45508+632++2015-02-24T18:42:36.573198+++"""Qual local lhe parece mais seguro? Right https://contribua.org/bairros/norte/centro/Rua_Coronel_Salvino_Figueiredo__251_90.jpg https://contribua.org/bairros/norte/centro/Rua_Capitao_Joao_de_Sa__45__0.jpg"""
12513+2015-02-24T22:52:32.843556+517+45590+515++2015-02-24T22:52:32.843589+++"""Qual local lhe parece mais agrad%C3%A1vel? NotKnown https://contribua.org/bairros/oeste/liberdade/Rua_Riachuelo__847__0.jpg https://contribua.org/bairros/oeste/liberdade/Rua_Riachuelo__930__180.jpg"""
12591+2015-02-25T14:46:01.307638+517+45668+512++2015-02-25T14:46:01.307671+++"""Qual local lhe parece mais seguro? Left https://contribua.org/bairros/oeste/catole/Rua_Vigario_Calixto__1201_180.jpg https://contribua.org/bairros/oeste/liberdade/Rua_Riachuelo__455__180.jpg"""
12605+2015-02-25T14:47:51.286191+517+45682+512++2015-02-25T14:47:51.286209+++"""Qual local lhe parece mais seguro? Left https://contribua.org/bairros/norte/centro/Avenida_Presidente_Joao_Pessoa__128__180.jpg https://contribua.org/bairros/norte/centro/Rua_Elias_Aforas__202_180.jpg"""
12459+2015-02-24T22:23:43.245930+517+45536+515++2015-02-24T22:23:43.245963+++"""Qual local lhe parece mais agrad%C3%A1vel? Right https://contribua.org/bairros/oeste/liberdade/Rua_Santa_Catarina__1231__0.jpg https://contribua.org/bairros/oeste/liberdade/Rua_Odon_Bezerra__147_90.jpg"""
12619+2015-02-25T16:47:35.524643+517+45696+512++2015-02-25T16:47:35.524676+++"""Qual local lhe parece mais seguro? Right https://contribua.org/bairros/oeste/catole/Rua_Doutor_Antonio_Telha_-_Catole__Campina_Grande__270.jpg https://contribua.org/bairros/norte/centro/Avenida_Dom_Pedro_II__119_270.jpg"""
12502+2015-02-24T22:51:06.324741+517+45579+515++2015-02-24T22:51:06.324759+++"""Qual local lhe parece mais agrad%C3%A1vel? Right https://contribua.org/bairros/oeste/liberdade/Rua_Espirito_Santo__1288__0.jpg https://contribua.org/bairros/oeste/catole/Rua_Honorio_de_Melo__240__270.jpg"""
12555+2015-02-25T01:16:10.611913+517+45632+515++2015-02-25T01:16:10.611944+++"""Qual local lhe parece mais seguro? NotKnown https://contribua.org/bairros/oeste/catole/Rua_Aluisio_Cunha_Linha__50__90.jpg https://contribua.org/bairros/oeste/liberdade/Rua_Riachuelo__455__180.jpg"""
12549+2015-02-25T01:15:26.050381+517+45626+515++2015-02-25T01:15:26.050414+++"""Qual local lhe parece mais seguro? NotKnown https://contribua.org/bairros/oeste/catole/Rua_Deputado_Ascendino_Moura__101__90.jpg https://contribua.org/bairros/norte/centro/Avenida_Presidente_Getulio_Vargas__395__270.jpg"""
12583+2015-02-25T14:42:59.221204+517+45660+512++2015-02-25T14:42:59.221238+++"""Qual local lhe parece mais seguro? Left https://contribua.org/bairros/norte/centro/Rua_Felix_Araujo__48__270.jpg https://contribua.org/bairros/norte/centro/Avenida_Presidente_Getulio_Vargas__395__90.jpg"""
12668+2015-02-25T18:23:37.501235+517+45745+634++2015-02-25T18:23:37.501268+++"""Qual local lhe parece mais seguro? Left https://contribua.org/bairros/norte/centro/Rua_Coronel_Salvino_Figueiredo__251_270.jpg https://contribua.org/bairros/norte/centro/Rua_Elias_Aforas__202_180.jpg"""
12707+2015-02-25T18:26:47.734066+517+45784+634++2015-02-25T18:26:47.734084+++"""Qual local lhe parece mais agrad%C3%A1vel? Left https://contribua.org/bairros/oeste/liberdade/Rua_Riachuelo__847__0.jpg https://contribua.org/bairros/oeste/liberdade/Rua_Padre_Pedro_Serrao__353__90.jpg"""
12712+2015-02-25T18:27:23.102633+517+45789+634++2015-02-25T18:27:23.102651+++"""Qual local lhe parece mais agrad%C3%A1vel? Left https://contribua.org/bairros/oeste/liberdade/Rua_Riachuelo__847__180.jpg https://contribua.org/bairros/oeste/catole/Rua_Otacilio_Nepomuceno__76_0.jpg"""
12548+2015-02-25T01:15:19.429486+517+45625+515++2015-02-25T01:15:19.429518+++"""Qual local lhe parece mais seguro? Left https://contribua.org/bairros/norte/centro/Rua_Manoel_P._de_Araujo__150_90.jpg https://contribua.org/bairros/norte/centro/Avenida_Barao_Rio_Branco__141_90.jpg"""
12634+2015-02-25T18:12:40.638349+517+45711+514++2015-02-25T18:12:40.638381+++"""Qual local lhe parece mais agrad%C3%A1vel? Left https://contribua.org/bairros/oeste/liberdade/Rua_Riachuelo__930__180.jpg https://contribua.org/bairros/oeste/liberdade/Rua_Odon_Bezerra__388__90.jpg"""
12646+2015-02-25T18:14:39.194392+517+45723+514++2015-02-25T18:14:39.194425+++"""Qual local lhe parece mais seguro? Right https://contribua.org/bairros/oeste/liberdade/Rua_Santa_Catarina__1231__0.jpg https://contribua.org/bairros/norte/centro/Avenida_Presidente_Getulio_Vargas__395__270.jpg"""
12698+2015-02-25T18:26:15.545055+517+45775+634++2015-02-25T18:26:15.545074+++"""Qual local lhe parece mais agrad%C3%A1vel? Right https://contribua.org/bairros/oeste/liberdade/Rua_Odon_Bezerra__147_90.jpg https://contribua.org/bairros/oeste/catole/Rua_Inacio_Marques_da_Silva__434_90.jpg"""
12709+2015-02-25T18:27:13.096957+517+45786+634++2015-02-25T18:27:13.096991+++"""Qual local lhe parece mais agrad%C3%A1vel? Left https://contribua.org/bairros/oeste/liberdade/Rua_Espirito_Santo__1288__180.jpg https://contribua.org/bairros/oeste/catole/Rua_Otacilio_Nepomuceno__76_0.jpg"""
12732+2015-02-25T18:36:32.728178+517+45809+513++2015-02-25T18:36:32.728233+++"""Qual local lhe parece mais seguro? Right https://contribua.org/bairros/norte/centro/Rua_Augusto_Severo__71_0.jpg https://contribua.org/bairros/norte/centro/Avenida_Dom_Pedro_II__119_270.jpg"""
12757+2015-02-25T18:39:20.936847+517+45829+513++2015-02-25T18:39:20.936861+++"""Qual local lhe parece mais seguro? NotKnown https://contribua.org/bairros/norte/centro/Avenida_Presidente_Getulio_Vargas__271__270.jpg https://contribua.org/bairros/norte/centro/Avenida_Presidente_Getulio_Vargas__395__270.jpg"""
12831+2015-02-26T16:04:27.658535+517+43153+642++2015-02-26T16:04:27.658572+++"""Qual local lhe parece mais seguro? Left https://contribua.org/bairros/oeste/liberdade/Rua_Severino_Pimentel__439__180.jpg https://contribua.org/bairros/oeste/liberdade/Avenida_Assis_Chateaubriand__1334__180.jpg"""
12866+2015-02-26T16:58:14.896744+517+43187+599++2015-02-26T16:58:14.896779+++"""Qual local lhe parece mais seguro? Left https://contribua.org/bairros/oeste/liberdade/Rua_Riachuelo__847__0.jpg https://contribua.org/bairros/oeste/liberdade/Rua_Santa_Catarina__1231__180.jpg"""
12653+2015-02-25T18:15:26.631886+517+45730+514++2015-02-25T18:15:26.631920+++"""Qual local lhe parece mais agrad%C3%A1vel? Right https://contribua.org/bairros/oeste/liberdade/Rua_Padre_Pedro_Serrao__207__270.jpg https://contribua.org/bairros/oeste/liberdade/Rua_Odon_Bezerra__306_270.jpg"""
12703+2015-02-25T18:26:31.670505+517+45780+634++2015-02-25T18:26:31.670539+++"""Qual local lhe parece mais agrad%C3%A1vel? Left https://contribua.org/bairros/oeste/liberdade/Rua_Severino_Pimentel__439__0.jpg https://contribua.org/bairros/oeste/liberdade/Avenida_Assis_Chateaubriand__1334__180.jpg"""
12713+2015-02-25T18:27:24.908153+517+45790+634++2015-02-25T18:27:24.908172+++"""Qual local lhe parece mais agrad%C3%A1vel? NotKnown https://contribua.org/bairros/oeste/liberdade/Rua_Severino_Pimentel__511_90.jpg https://contribua.org/bairros/oeste/liberdade/Rua_Padre_Pedro_Serrao__336__90.jpg"""
12794+2015-02-26T14:38:49.202755+517+43118+537++2015-02-26T14:38:49.202788+++"""Qual local lhe parece mais agrad%C3%A1vel? Left https://contribua.org/bairros/oeste/catole/Rua_Olegario_Mariano__139_90.jpg https://contribua.org/bairros/norte/centro/Rua_Elias_Aforas__202_180.jpg"""
12847+2015-02-26T16:05:33.445923+517+43169+642++2015-02-26T16:05:33.445956+++"""Qual local lhe parece mais seguro? Right https://contribua.org/bairros/oeste/catole/Rua_Sebastiao_Vieira_da_Silva__1273__0.jpg https://contribua.org/bairros/oeste/liberdade/Avenida_Assis_Chateaubriand__1334__0.jpg"""
12848+2015-02-26T16:05:37.741918+517+43170+642++2015-02-26T16:05:37.741936+++"""Qual local lhe parece mais agrad%C3%A1vel? Left https://contribua.org/bairros/oeste/catole/Rua_Olegario_Mariano__139_270.jpg https://contribua.org/bairros/norte/centro/Avenida_Presidente_Getulio_Vargas__395__90.jpg"""
12658+2015-02-25T18:15:47.241197+517+45735+514++2015-02-25T18:15:47.241214+++"""Qual local lhe parece mais agrad%C3%A1vel? Left https://contribua.org/bairros/oeste/liberdade/Rua_Santa_Catarina__1231__180.jpg https://contribua.org/bairros/oeste/liberdade/Avenida_Assis_Chateaubriand__1334__180.jpg"""
12743+2015-02-25T18:37:43.475159+517+45820+513++2015-02-25T18:37:43.475193+++"""Qual local lhe parece mais seguro? NotKnown https://contribua.org/bairros/oeste/liberdade/Rua_Padre_Pedro_Serrao__207__90.jpg https://contribua.org/bairros/norte/centro/Rua_Elias_Aforas__202_180.jpg"""
12765+2015-02-25T18:40:02.691123+517+45837+513++2015-02-25T18:40:02.691140+++"""Qual local lhe parece mais agrad%C3%A1vel? NotKnown https://contribua.org/bairros/oeste/liberdade/Rua_Padre_Pedro_Serrao__353__90.jpg https://contribua.org/bairros/oeste/liberdade/Rua_Padre_Pedro_Serrao__353__270.jpg"""
12810+2015-02-26T15:44:07.807962+517+43120+537++2015-02-26T15:44:07.807983+++"""Qual local lhe parece mais agrad%C3%A1vel? Right https://contribua.org/bairros/oeste/catole/Rua_Vigario_Calixto__1201_180.jpg https://contribua.org/bairros/norte/centro/Avenida_Presidente_Getulio_Vargas__395__270.jpg"""
12818+2015-02-26T16:02:31.419260+517+43140+642++2015-02-26T16:02:31.419291+++"""Qual local lhe parece mais seguro? Left https://contribua.org/bairros/oeste/liberdade/Rua_Severino_Pimentel__511_270.jpg https://contribua.org/bairros/oeste/liberdade/Rua_Severino_Pimentel__321__180.jpg"""
12761+2015-02-25T18:39:41.696433+517+45833+513++2015-02-25T18:39:41.696470+++"""Qual local lhe parece mais seguro? Right https://contribua.org/bairros/oeste/catole/Rua_Inacio_Marques_da_Silva__434_270.jpg https://contribua.org/bairros/oeste/liberdade/Rua_Riachuelo__455__180.jpg"""
12766+2015-02-25T18:40:04.817123+517+45838+513++2015-02-25T18:40:04.817158+++"""Qual local lhe parece mais seguro? Right https://contribua.org/bairros/oeste/liberdade/Rua_Padre_Pedro_Serrao__353__270.jpg https://contribua.org/bairros/norte/centro/Avenida_Presidente_Getulio_Vargas__395__90.jpg"""
14683+2015-03-23T13:41:44.494239+517+44033+675++2015-03-23T13:41:44.494272+++"""Qual local lhe parece mais seguro? Left https://contribua.org/bairros/oeste/catole/Rua_Vigario_Calixto__1201_0.jpg https://contribua.org/bairros/norte/centro/Rua_Felix_Araujo__48__90.jpg"""
14686+2015-03-23T13:42:06.626767+517+43987+675++2015-03-23T13:42:06.626783+++"""Qual local lhe parece mais agrad%C3%A1vel? Right https://contribua.org/bairros/oeste/catole/Rua_Doutor_Antonio_Telha_-_Catole__Campina_Grande__270.jpg https://contribua.org/bairros/norte/centro/Rua_Felix_Araujo__132__270.jpg"""
14690+2015-03-23T13:46:45.840843+517+43899+675++2015-03-23T13:46:45.840875+++"""Qual local lhe parece mais agrad%C3%A1vel? Left https://contribua.org/bairros/norte/centro/Avenida_Dom_Pedro_II__500_90.jpg https://contribua.org/bairros/norte/centro/Rua_Capitao_Joao_de_Sa__45__0.jpg"""
12736+2015-02-25T18:37:02.931096+517+45813+513++2015-02-25T18:37:02.931128+++"""Qual local lhe parece mais agrad%C3%A1vel? Right https://contribua.org/bairros/oeste/catole/Rua_Sebastiao_Vieira_da_Silva__1273__180.jpg https://contribua.org/bairros/oeste/liberdade/Rua_Odon_Bezerra__147_90.jpg"""
12796+2015-02-26T14:42:59.098958+517+43120+602++2015-02-26T14:42:59.098992+++"""Qual local lhe parece mais agrad%C3%A1vel? Left https://contribua.org/bairros/oeste/catole/Rua_Vigario_Calixto__1201_180.jpg https://contribua.org/bairros/norte/centro/Avenida_Presidente_Getulio_Vargas__395__270.jpg"""
12817+2015-02-26T16:02:25.098754+517+43139+642++2015-02-26T16:02:25.098787+++"""Qual local lhe parece mais agrad%C3%A1vel? Right https://contribua.org/bairros/oeste/liberdade/Rua_Santa_Catarina__1231__0.jpg https://contribua.org/bairros/norte/centro/Avenida_Presidente_Getulio_Vargas__395__270.jpg"""
12862+2015-02-26T16:57:59.060047+517+43183+599++2015-02-26T16:57:59.060080+++"""{age=27|sex=Masculino|class=M\u00e9dia (R$ 2.900 a R$ 7.249,99)|educ=Gradua\u00e7\u00e3o|city=Campina Grande - State of Para\u00edba, Brazil|time=25|rel=Solteiro|neig=cen} Qual local lhe parece mais seguro? Left https://contribua.org/bairros/oeste/liberdade/Rua_Riachuelo__930__0.jpg https://contribua.org/bairros/oeste/liberdade/Rua_Riachuelo__930__180.jpg"""
12935+2015-02-26T18:50:51.049177+517+43225+599++2015-02-26T18:50:51.049210+++"""Qual local lhe parece mais agrad%C3%A1vel? Right https://contribua.org/bairros/oeste/liberdade/Rua_Padre_Pedro_Serrao__336__90.jpg https://contribua.org/bairros/norte/centro/Avenida_Presidente_Getulio_Vargas__395__90.jpg"""
12752+2015-02-25T18:38:44.029808+517+45825+512++2015-02-25T18:38:44.029840+++"""Qual local lhe parece mais agrad%C3%A1vel? Left https://contribua.org/bairros/oeste/liberdade/Rua_Severino_Pimentel__439__0.jpg https://contribua.org/bairros/oeste/liberdade/Rua_Odon_Bezerra__388__90.jpg"""
12767+2015-02-25T18:40:08.955600+517+45839+513++2015-02-25T18:40:08.955633+++"""Qual local lhe parece mais seguro? Right https://contribua.org/bairros/norte/centro/Rua_Manoel_P._de_Araujo__370_180.jpg https://contribua.org/bairros/norte/centro/Avenida_Presidente_Getulio_Vargas__395__90.jpg"""
12805+2015-02-26T14:43:23.127843+517+43129+602++2015-02-26T14:43:23.127876+++"""Qual local lhe parece mais seguro? NotKnown https://contribua.org/bairros/oeste/liberdade/Rua_Severino_Pimentel__321__180.jpg https://contribua.org/bairros/oeste/liberdade/Rua_Padre_Pedro_Serrao__207__90.jpg"""
12816+2015-02-26T16:02:19.863760+517+43138+642++2015-02-26T16:02:19.863791+++"""Qual local lhe parece mais agrad%C3%A1vel? Left https://contribua.org/bairros/norte/centro/Rua_Coronel_Salvino_Figueiredo__251_270.jpg https://contribua.org/bairros/norte/centro/Rua_Elias_Aforas__202_180.jpg"""
12830+2015-02-26T16:04:23.074839+517+43152+642++2015-02-26T16:04:23.074876+++"""Qual local lhe parece mais seguro? Right https://contribua.org/bairros/oeste/catole/Rua_Vigario_Calixto__1201_180.jpg https://contribua.org/bairros/oeste/liberdade/Rua_Acre__635_270.jpg"""
12682+2015-02-25T18:25:09.047258+517+45759+634++2015-02-25T18:25:09.047296+++"""Qual local lhe parece mais seguro? NotKnown https://contribua.org/bairros/oeste/liberdade/Rua_Severino_Pimentel__511_270.jpg https://contribua.org/bairros/norte/centro/Rua_Elias_Aforas__202_180.jpg"""
12691+2015-02-25T18:25:46.551650+517+45768+634++2015-02-25T18:25:46.551684+++"""Qual local lhe parece mais seguro? Left https://contribua.org/bairros/norte/centro/Rua_Elias_Aforas__67__180.jpg https://contribua.org/bairros/norte/centro/Avenida_Presidente_Getulio_Vargas__395__90.jpg"""
12699+2015-02-25T18:26:20.002796+517+45776+634++2015-02-25T18:26:20.002819+++"""Qual local lhe parece mais seguro? Left https://contribua.org/bairros/norte/centro/Rua_Augusto_Severo__71_90.jpg https://contribua.org/bairros/oeste/liberdade/Rua_Riachuelo__455__180.jpg"""
12710+2015-02-25T18:27:16.950852+517+45787+634++2015-02-25T18:27:16.950887+++"""Qual local lhe parece mais agrad%C3%A1vel? Left https://contribua.org/bairros/oeste/liberdade/Rua_Severino_Pimentel__511_90.jpg https://contribua.org/bairros/oeste/liberdade/Rua_Riachuelo__930__0.jpg"""
12720+2015-02-25T18:34:33.980728+517+45797+513++2015-02-25T18:34:33.980745+++"""Qual local lhe parece mais seguro? Left https://contribua.org/bairros/norte/centro/Avenida_Presidente_Joao_Pessoa__128__180.jpg https://contribua.org/bairros/norte/centro/Avenida_Barao_Rio_Branco__141_90.jpg"""
12746+2015-02-25T18:38:02.887473+517+45823+513++2015-02-25T18:38:02.887507+++"""Qual local lhe parece mais agrad%C3%A1vel? Right https://contribua.org/bairros/oeste/liberdade/Rua_Odon_Bezerra__388__270.jpg https://contribua.org/bairros/oeste/catole/Rua_Honorio_de_Melo__240__270.jpg"""
12832+2015-02-26T16:04:33.753613+517+43154+642++2015-02-26T16:04:33.753646+++"""Qual local lhe parece mais seguro? Left https://contribua.org/bairros/oeste/liberdade/Rua_Riachuelo__847__0.jpg https://contribua.org/bairros/oeste/catole/Rua_Olegario_Mariano__139_0.jpg"""
12694+2015-02-25T18:25:59.856692+517+45771+634++2015-02-25T18:25:59.856721+++"""Qual local lhe parece mais seguro? Left https://contribua.org/bairros/oeste/liberdade/Avenida_Assis_Chateaubriand__1334__180.jpg https://contribua.org/bairros/norte/centro/Avenida_Presidente_Getulio_Vargas__395__90.jpg"""
12711+2015-02-25T18:27:19.129809+517+45788+634++2015-02-25T18:27:19.129844+++"""Qual local lhe parece mais agrad%C3%A1vel? Right https://contribua.org/bairros/oeste/liberdade/Rua_Riachuelo__847__0.jpg https://contribua.org/bairros/oeste/catole/Rua_Honorio_de_Melo__240__270.jpg"""
12747+2015-02-25T18:38:29.321129+517+45710+512++2015-02-25T18:38:29.321163+++"""Qual local lhe parece mais seguro? Left https://contribua.org/bairros/norte/centro/Rua_Manoel_P._de_Araujo__370_180.jpg https://contribua.org/bairros/oeste/liberdade/Rua_Riachuelo__455__180.jpg"""
12749+2015-02-25T18:38:39.574740+517+45825+513++2015-02-25T18:38:39.574778+++"""Qual local lhe parece mais agrad%C3%A1vel? Right https://contribua.org/bairros/oeste/liberdade/Rua_Severino_Pimentel__439__0.jpg https://contribua.org/bairros/oeste/liberdade/Rua_Odon_Bezerra__388__90.jpg"""
12793+2015-02-26T14:38:45.263058+517+43117+537++2015-02-26T14:38:45.263091+++"""Qual local lhe parece mais seguro? NotKnown https://contribua.org/bairros/oeste/liberdade/Rua_Severino_Pimentel__321__180.jpg https://contribua.org/bairros/oeste/liberdade/Rua_Padre_Pedro_Serrao__336__270.jpg"""
14706+2015-03-23T13:48:09.339797+517+44013+675++2015-03-23T13:48:09.339831+++"""Qual local lhe parece mais agrad%C3%A1vel? NotKnown https://contribua.org/bairros/oeste/liberdade/Rua_Severino_Pimentel__511_270.jpg https://contribua.org/bairros/norte/centro/Rua_Augusto_Severo__71_0.jpg"""
14720+2015-03-23T13:50:41.274291+517+43843+674++2015-03-23T13:50:41.274324+++"""Qual local lhe parece mais seguro? Right https://contribua.org/bairros/oeste/liberdade/Rua_Severino_Pimentel__439__180.jpg https://contribua.org/bairros/oeste/catole/Rua_Otacilio_Nepomuceno__76_90.jpg"""
14755+2015-03-23T13:53:42.531655+517+44062+676++2015-03-23T13:53:42.531687+++"""Qual local lhe parece mais seguro? Right https://contribua.org/bairros/oeste/liberdade/Rua_Odon_Bezerra__388__270.jpg https://contribua.org/bairros/oeste/catole/Rua_Joao_Francisco_Mota__64__90.jpg"""
14756+2015-03-23T13:53:46.632055+517+43927+676++2015-03-23T13:53:46.632087+++"""Qual local lhe parece mais agrad%C3%A1vel? Left https://contribua.org/bairros/oeste/catole/Rua_Aluisio_Cunha_Linha__50__90.jpg https://contribua.org/bairros/norte/centro/Avenida_Presidente_Getulio_Vargas__210__0.jpg"""
14757+2015-03-23T13:53:49.022912+517+44031+676++2015-03-23T13:53:49.022944+++"""Qual local lhe parece mais agrad%C3%A1vel? Left https://contribua.org/bairros/oeste/catole/Rua_Joao_Francisco_Mota__64__270.jpg https://contribua.org/bairros/norte/centro/Avenida_Dom_Pedro_II__500_90.jpg"""
12829+2015-02-26T16:04:19.906290+517+43151+642++2015-02-26T16:04:19.906324+++"""Qual local lhe parece mais seguro? Right https://contribua.org/bairros/oeste/liberdade/Rua_Acre__635_90.jpg https://contribua.org/bairros/oeste/liberdade/Rua_Odon_Bezerra__306_90.jpg"""
12891+2015-02-26T17:18:26.317228+517+43211+599++2015-02-26T17:18:26.317260+++"""Qual local lhe parece mais agrad%C3%A1vel? Right https://contribua.org/bairros/norte/centro/Avenida_Presidente_Getulio_Vargas__395__270.jpg https://contribua.org/bairros/norte/centro/Avenida_Barao_Rio_Branco__141_90.jpg"""
12928+2015-02-26T18:35:39.627280+517+43196+2++2015-02-26T18:35:39.627313+++"""{age=49|sex=Masculino|class=Alta (R$ 14.500 ou mais)|educ=Doutorado|city=Campina Grande - Para\u00edba, Brasil|time=49|rel=Casado|neig=} Qual local lhe parece mais seguro? Right https://contribua.org/bairros/oeste/liberdade/Rua_Severino_Pimentel__321__0.jpg https://contribua.org/bairros/oeste/liberdade/Rua_Odon_Bezerra__388__270.jpg"""
12945+2015-02-26T19:05:05.013969+517+43235+599++2015-02-26T19:05:05.014002+++"""Qual local lhe parece mais agrad%C3%A1vel? Left https://contribua.org/bairros/oeste/catole/Rua_Aluisio_Cunha_Linha__50__90.jpg https://contribua.org/bairros/norte/centro/Rua_Elias_Aforas__202_180.jpg"""
12874+2015-02-26T16:58:43.967058+517+43195+599++2015-02-26T16:58:43.967096+++"""Qual local lhe parece mais agrad%C3%A1vel? Right https://contribua.org/bairros/norte/centro/Rua_Elias_Aforas__67__180.jpg https://contribua.org/bairros/norte/centro/Avenida_Presidente_Getulio_Vargas__271__90.jpg"""
12936+2015-02-26T18:50:55.255236+517+43226+599++2015-02-26T18:50:55.255270+++"""Qual local lhe parece mais seguro? Right https://contribua.org/bairros/oeste/liberdade/Rua_Santa_Catarina__1231__0.jpg https://contribua.org/bairros/oeste/catole/Rua_Vigario_Calixto__1201_0.jpg"""
12870+2015-02-26T16:58:25.399709+517+43191+599++2015-02-26T16:58:25.399747+++"""Qual local lhe parece mais seguro? NotKnown https://contribua.org/bairros/oeste/liberdade/Rua_Padre_Pedro_Serrao__353__270.jpg https://contribua.org/bairros/oeste/liberdade/Rua_Acre__635_270.jpg"""
12909+2015-02-26T18:01:24.384109+517+43177+515++2015-02-26T18:01:24.384142+++"""Qual local lhe parece mais seguro? Right https://contribua.org/bairros/oeste/liberdade/Rua_Odon_Bezerra__306_90.jpg https://contribua.org/bairros/oeste/catole/Rua_Olegario_Mariano__139_180.jpg"""
12979+2015-02-26T19:45:37.539527+517+43235+622++2015-02-26T19:45:37.539560+++"""Qual local lhe parece mais agrad%C3%A1vel? Left https://contribua.org/bairros/oeste/catole/Rua_Aluisio_Cunha_Linha__50__90.jpg https://contribua.org/bairros/norte/centro/Rua_Elias_Aforas__202_180.jpg"""
12906+2015-02-26T18:01:06.713979+517+43174+515++2015-02-26T18:01:06.714011+++"""Qual local lhe parece mais seguro? NotKnown https://contribua.org/bairros/oeste/liberdade/Rua_Severino_Pimentel__511_90.jpg https://contribua.org/bairros/oeste/liberdade/Rua_Riachuelo__930__180.jpg"""
12910+2015-02-26T18:01:27.114195+517+43178+515++2015-02-26T18:01:27.114228+++"""Qual local lhe parece mais seguro? Left https://contribua.org/bairros/oeste/liberdade/Rua_Severino_Pimentel__321__0.jpg https://contribua.org/bairros/oeste/liberdade/Rua_Odon_Bezerra__388__90.jpg"""
12930+2015-02-26T18:35:55.614041+517+43198+2++2015-02-26T18:35:55.614072+++"""Qual local lhe parece mais agrad%C3%A1vel? Left https://contribua.org/bairros/oeste/liberdade/Rua_Severino_Pimentel__439__0.jpg https://contribua.org/bairros/norte/centro/Avenida_Presidente_Getulio_Vargas__271__270.jpg"""
12957+2015-02-26T19:09:28.440409+517+43213+622++2015-02-26T19:09:28.440492+++"""Qual local lhe parece mais seguro? Left https://contribua.org/bairros/oeste/liberdade/Rua_Acre__635_270.jpg https://contribua.org/bairros/oeste/liberdade/Rua_Edesio_Silva__602__180.jpg"""
12968+2015-02-26T19:42:34.898845+517+43224+622++2015-02-26T19:42:34.898877+++"""Qual local lhe parece mais agrad%C3%A1vel? Left https://contribua.org/bairros/oeste/liberdade/Rua_Odon_Bezerra__306_270.jpg https://contribua.org/bairros/norte/centro/Avenida_Presidente_Getulio_Vargas__271__90.jpg"""
12961+2015-02-26T19:11:17.165342+517+43217+622++2015-02-26T19:11:17.165373+++"""Qual local lhe parece mais seguro? Right https://contribua.org/bairros/oeste/liberdade/Rua_Santa_Catarina__1231__0.jpg https://contribua.org/bairros/oeste/catole/Rua_Sebastiao_Vieira_da_Silva__1273__180.jpg"""
12964+2015-02-26T19:12:23.975742+517+43220+622++2015-02-26T19:12:23.975775+++"""Qual local lhe parece mais agrad%C3%A1vel? Left https://contribua.org/bairros/norte/centro/Rua_Elias_Aforas__67__180.jpg https://contribua.org/bairros/norte/centro/Avenida_Dom_Pedro_II__119_270.jpg"""
12999+2015-02-26T19:53:00.512569+517+43242+593++2015-02-26T19:53:00.512603+++"""Qual local lhe parece mais agrad%C3%A1vel? Right https://contribua.org/bairros/norte/centro/Rua_Joao_da_Mata__490_270.jpg https://contribua.org/bairros/norte/centro/Avenida_Dom_Pedro_II__119_270.jpg"""
13092+2015-02-27T23:53:54.252738+517+43272+641++2015-02-27T23:53:54.252771+++"""Qual local lhe parece mais agrad%C3%A1vel? Right https://contribua.org/bairros/oeste/liberdade/Rua_Santa_Catarina__1231__180.jpg https://contribua.org/bairros/norte/centro/Rua_Elias_Aforas__202_180.jpg"""
12908+2015-02-26T18:01:13.536251+517+43176+515++2015-02-26T18:01:13.536268+++"""Qual local lhe parece mais agrad%C3%A1vel? Right https://contribua.org/bairros/norte/centro/Avenida_Barao_Rio_Branco__141_270.jpg https://contribua.org/bairros/norte/centro/Rua_Elias_Aforas__202_180.jpg"""
12949+2015-02-26T19:08:55.066454+517+43205+622++2015-02-26T19:08:55.066486+++"""Qual local lhe parece mais seguro? Left https://contribua.org/bairros/oeste/liberdade/Rua_Severino_Pimentel__439__180.jpg https://contribua.org/bairros/oeste/liberdade/Rua_Espirito_Santo__1288__0.jpg"""
12988+2015-02-26T19:46:03.619652+517+43244+622++2015-02-26T19:46:03.619689+++"""Qual local lhe parece mais seguro? Right https://contribua.org/bairros/oeste/liberdade/Rua_Severino_Pimentel__439__180.jpg https://contribua.org/bairros/oeste/catole/Rua_Vigario_Calixto__1201_180.jpg"""
13083+2015-02-27T23:52:30.751475+517+43263+641++2015-02-27T23:52:30.751508+++"""Qual local lhe parece mais seguro? Right https://contribua.org/bairros/oeste/liberdade/Rua_Padre_Pedro_Serrao__353__270.jpg https://contribua.org/bairros/oeste/catole/Rua_Olegario_Mariano__139_270.jpg"""
12997+2015-02-26T19:52:35.843993+517+43240+593++2015-02-26T19:52:35.844025+++"""Qual local lhe parece mais agrad%C3%A1vel? Right https://contribua.org/bairros/norte/centro/Avenida_Dom_Pedro_II__500_90.jpg https://contribua.org/bairros/norte/centro/Avenida_Barao_Rio_Branco__141_90.jpg"""
12998+2015-02-26T19:52:42.906726+517+43241+593++2015-02-26T19:52:42.906758+++"""Qual local lhe parece mais agrad%C3%A1vel? Right https://contribua.org/bairros/norte/centro/Rua_Pedro_Alvares_Cabral__129_90.jpg https://contribua.org/bairros/norte/centro/Avenida_Presidente_Getulio_Vargas__271__90.jpg"""
13079+2015-02-27T23:52:15.613687+517+43259+641++2015-02-27T23:52:15.613719+++"""Qual local lhe parece mais seguro? Right https://contribua.org/bairros/oeste/liberdade/Rua_Santa_Catarina__1231__0.jpg https://contribua.org/bairros/oeste/liberdade/Rua_Odon_Bezerra__147_90.jpg"""
12969+2015-02-26T19:42:37.563033+517+43225+622++2015-02-26T19:42:37.563066+++"""Qual local lhe parece mais agrad%C3%A1vel? Right https://contribua.org/bairros/oeste/liberdade/Rua_Padre_Pedro_Serrao__336__90.jpg https://contribua.org/bairros/norte/centro/Avenida_Presidente_Getulio_Vargas__395__90.jpg"""
13014+2015-02-26T20:39:20.321723+517+43248+643++2015-02-26T20:39:20.321756+++"""Qual local lhe parece mais agrad%C3%A1vel? Left https://contribua.org/bairros/oeste/liberdade/Rua_Odon_Bezerra__147_90.jpg https://contribua.org/bairros/norte/centro/Avenida_Presidente_Getulio_Vargas__271__270.jpg"""
13149+2015-02-28T18:18:28.265261+517+43306+638++2015-02-28T18:18:28.265294+++"""Qual local lhe parece mais agrad%C3%A1vel? Left https://contribua.org/bairros/oeste/catole/Rua_Aluisio_Cunha_Linha__50__270.jpg https://contribua.org/bairros/norte/centro/Avenida_Presidente_Getulio_Vargas__271__90.jpg"""
14693+2015-03-23T13:47:30.177802+517+43951+675++2015-03-23T13:47:30.177835+++"""{age=19|sex=Feminino|class=Baixa (at\u00e9 R$ 1.449,99)|educ=Ensino M\u00e9dio|city=Campina Grande - Para\u00edba, Brasil|time=19|rel=Solteiro|neig=cen;lib;cat} Qual local lhe parece mais agrad%C3%A1vel? NotKnown https://contribua.org/bairros/oeste/catole/Rua_Doutor_Antonio_Telha__235_180.jpg https://contribua.org/bairros/norte/centro/Rua_Coronel_Salvino_Figueiredo__251_90.jpg"""
14703+2015-03-23T13:48:01.543235+517+43846+675++2015-03-23T13:48:01.543267+++"""Qual local lhe parece mais seguro? NotKnown https://contribua.org/bairros/oeste/liberdade/Rua_Severino_Pimentel__321__0.jpg https://contribua.org/bairros/oeste/catole/Rua_Olegario_Mariano__139_0.jpg"""
12972+2015-02-26T19:42:46.399279+517+43228+622++2015-02-26T19:42:46.399312+++"""Qual local lhe parece mais agrad%C3%A1vel? Left https://contribua.org/bairros/oeste/catole/Rua_Honorio_de_Melo__240__90.jpg https://contribua.org/bairros/norte/centro/Avenida_Presidente_Getulio_Vargas__271__90.jpg"""
13011+2015-02-26T19:56:25.085642+517+43254+593++2015-02-26T19:56:25.085675+++"""Qual local lhe parece mais agrad%C3%A1vel? Right https://contribua.org/bairros/norte/centro/Avenida_Presidente_Joao_Pessoa__128__180.jpg https://contribua.org/bairros/norte/centro/Avenida_Barao_Rio_Branco__141_90.jpg"""
13016+2015-02-26T20:39:42.145998+517+43250+643++2015-02-26T20:39:42.146031+++"""Qual local lhe parece mais agrad%C3%A1vel? Right https://contribua.org/bairros/norte/centro/Avenida_Presidente_Getulio_Vargas__210__180.jpg https://contribua.org/bairros/norte/centro/Avenida_Barao_Rio_Branco__141_90.jpg"""
13034+2015-02-26T20:42:35.613078+517+43268+643++2015-02-26T20:42:35.613093+++"""{age=31|sex=Masculino|class=M\u00e9dia (R$ 2.900 a R$ 7.249,99)|educ=Gradua\u00e7\u00e3o|city=Campina Grande - Para\u00edba, Brasil|time=11|rel=Solteiro|neig=cen} Qual local lhe parece mais agrad%C3%A1vel? Left https://contribua.org/bairros/norte/centro/Avenida_Presidente_Joao_Pessoa__128__90.jpg https://contribua.org/bairros/norte/centro/Avenida_Dom_Pedro_II__500_270.jpg"""
13086+2015-02-27T23:52:39.524699+517+43266+641++2015-02-27T23:52:39.524733+++"""Qual local lhe parece mais seguro? Right https://contribua.org/bairros/oeste/liberdade/Rua_Severino_Pimentel__511_270.jpg https://contribua.org/bairros/oeste/liberdade/Avenida_Assis_Chateaubriand__1334__0.jpg"""
14705+2015-03-23T13:48:04.995232+517+43832+675++2015-03-23T13:48:04.995264+++"""Qual local lhe parece mais agrad%C3%A1vel? Left https://contribua.org/bairros/norte/centro/Rua_Joao_da_Mata__490_90.jpg https://contribua.org/bairros/norte/centro/Avenida_Presidente_Getulio_Vargas__210__180.jpg"""
13048+2015-02-26T20:43:39.083808+517+43282+643++2015-02-26T20:43:39.083840+++"""Qual local lhe parece mais seguro? Right https://contribua.org/bairros/oeste/liberdade/Rua_Santa_Catarina__1231__0.jpg https://contribua.org/bairros/oeste/liberdade/Avenida_Assis_Chateaubriand__1334__0.jpg"""
13084+2015-02-27T23:52:33.097595+517+43264+641++2015-02-27T23:52:33.097628+++"""Qual local lhe parece mais seguro? Left https://contribua.org/bairros/oeste/liberdade/Rua_Padre_Pedro_Serrao__207__270.jpg https://contribua.org/bairros/oeste/catole/Rua_Sebastiao_Vieira_da_Silva__1273__0.jpg"""
13096+2015-02-27T23:54:06.329211+517+43276+641++2015-02-27T23:54:06.329250+++"""Qual local lhe parece mais seguro? Right https://contribua.org/bairros/oeste/liberdade/Rua_Sergipe__1337_90.jpg https://contribua.org/bairros/oeste/liberdade/Rua_Padre_Pedro_Serrao__353__270.jpg"""
13111+2015-02-27T23:55:55.474176+517+43291+641++2015-02-27T23:55:55.474210+++"""Qual local lhe parece mais seguro? Left https://contribua.org/bairros/oeste/liberdade/Rua_Acre__635_90.jpg https://contribua.org/bairros/oeste/catole/Rua_Olegario_Mariano__139_0.jpg"""
14719+2015-03-23T13:50:40.087413+517+44029+676++2015-03-23T13:50:40.087447+++"""Qual local lhe parece mais seguro? Right https://contribua.org/bairros/oeste/liberdade/Rua_Riachuelo__847__0.jpg https://contribua.org/bairros/oeste/catole/Rua_Honorio_de_Melo__240__270.jpg"""
13153+2015-02-28T18:18:41.635907+517+43310+638++2015-02-28T18:18:41.635941+++"""Qual local lhe parece mais seguro? Right https://contribua.org/bairros/oeste/liberdade/Rua_Severino_Pimentel__321__180.jpg https://contribua.org/bairros/oeste/liberdade/Avenida_Assis_Chateaubriand__1334__180.jpg"""
13101+2015-02-27T23:54:22.980010+517+43281+641++2015-02-27T23:54:22.980043+++"""Qual local lhe parece mais seguro? Right https://contribua.org/bairros/oeste/liberdade/Rua_Severino_Pimentel__439__0.jpg https://contribua.org/bairros/oeste/liberdade/Rua_Odon_Bezerra__388__90.jpg"""
13106+2015-02-27T23:54:38.019063+517+43286+641++2015-02-27T23:54:38.019101+++"""Qual local lhe parece mais seguro? Left https://contribua.org/bairros/oeste/liberdade/Rua_Odon_Bezerra__147_90.jpg https://contribua.org/bairros/oeste/catole/Rua_Sebastiao_Vieira_da_Silva__1273__180.jpg"""
13112+2015-02-27T23:56:00.152598+517+43292+641++2015-02-27T23:56:00.152632+++"""Qual local lhe parece mais seguro? Left https://contribua.org/bairros/oeste/liberdade/Rua_Riachuelo__930__180.jpg https://contribua.org/bairros/oeste/liberdade/Rua_Sergipe__1337_90.jpg"""
13141+2015-02-28T18:17:44.331220+517+43298+638++2015-02-28T18:17:44.331254+++"""Qual local lhe parece mais seguro? Right https://contribua.org/bairros/oeste/liberdade/Rua_Riachuelo__930__180.jpg https://contribua.org/bairros/oeste/liberdade/Avenida_Assis_Chateaubriand__1334__0.jpg"""
13159+2015-02-28T18:19:20.159031+517+43316+638++2015-02-28T18:19:20.159082+++"""Qual local lhe parece mais agrad%C3%A1vel? Left https://contribua.org/bairros/oeste/liberdade/Rua_Acre__635_90.jpg https://contribua.org/bairros/norte/centro/Avenida_Presidente_Getulio_Vargas__395__270.jpg"""
14736+2015-03-23T13:52:27.726504+517+44027+674++2015-03-23T13:52:27.726520+++"""Qual local lhe parece mais agrad%C3%A1vel? Right https://contribua.org/bairros/oeste/liberdade/Rua_Sergipe__1337_90.jpg https://contribua.org/bairros/norte/centro/Rua_Coronel_Salvino_Figueiredo__251_90.jpg"""
14786+2015-03-23T13:56:22.044135+517+44090+674++2015-03-23T13:56:22.044167+++"""Qual local lhe parece mais agrad%C3%A1vel? Left https://contribua.org/bairros/oeste/catole/Avenida_Prefeito_Severino_Bezerra_Cabral__218_0.jpg https://contribua.org/bairros/norte/centro/Rua_Augusto_Severo__71_0.jpg"""
14791+2015-03-23T13:56:38.516806+517+44116+674++2015-03-23T13:56:38.516837+++"""Qual local lhe parece mais agrad%C3%A1vel? Right https://contribua.org/bairros/oeste/catole/Avenida_Prefeito_Severino_Bezerra_Cabral__218_0.jpg https://contribua.org/bairros/norte/centro/Rua_Coronel_Salvino_Figueiredo__251_270.jpg"""
14834+2015-03-23T13:59:17.227188+517+44169+674++2015-03-23T13:59:17.227221+++"""Qual local lhe parece mais seguro? Right https://contribua.org/bairros/norte/centro/Rua_Pedro_Alvares_Cabral__129_90.jpg https://contribua.org/bairros/norte/centro/Rua_Pedro_Alvares_Cabral__129_180.jpg"""
13110+2015-02-27T23:55:51.760498+517+43290+641++2015-02-27T23:55:51.760539+++"""Qual local lhe parece mais agrad%C3%A1vel? Left https://contribua.org/bairros/oeste/catole/Rua_Doutor_Antonio_Telha__235_180.jpg https://contribua.org/bairros/norte/centro/Avenida_Presidente_Getulio_Vargas__271__270.jpg"""
13177+2015-02-28T18:20:45.812632+517+43334+638++2015-02-28T18:20:45.812680+++"""Qual local lhe parece mais seguro? Left https://contribua.org/bairros/oeste/liberdade/Rua_Espirito_Santo__1288__180.jpg https://contribua.org/bairros/oeste/liberdade/Avenida_Assis_Chateaubriand__1334__180.jpg"""
14734+2015-03-23T13:52:23.716670+517+43929+674++2015-03-23T13:52:23.716702+++"""Qual local lhe parece mais agrad%C3%A1vel? Left https://contribua.org/bairros/oeste/catole/Rua_Deputado_Ascendino_Moura__101__270.jpg https://contribua.org/bairros/norte/centro/Avenida_Presidente_Getulio_Vargas__210__0.jpg"""
14735+2015-03-23T13:52:27.022996+517+44069+676++2015-03-23T13:52:27.023014+++"""Qual local lhe parece mais agrad%C3%A1vel? Left https://contribua.org/bairros/oeste/catole/Rua_Honorio_de_Melo__240__270.jpg https://contribua.org/bairros/norte/centro/Rua_Elias_Aforas__67__0.jpg"""
14762+2015-03-23T13:54:07.182768+517+43940+674++2015-03-23T13:54:07.182795+++"""Qual local lhe parece mais seguro? Right https://contribua.org/bairros/oeste/liberdade/Rua_Odon_Bezerra__388__270.jpg https://contribua.org/bairros/norte/centro/Rua_Quebra_Quilos__399__90.jpg"""
13166+2015-02-28T18:19:54.978744+517+43323+638++2015-02-28T18:19:54.978777+++"""Qual local lhe parece mais agrad%C3%A1vel? NotKnown https://contribua.org/bairros/oeste/catole/Rua_Cristina_Procopio_da_Silva__62__90.jpg https://contribua.org/bairros/oeste/liberdade/Rua_Riachuelo__455__180.jpg"""
14744+2015-03-23T13:52:48.598555+517+44026+676++2015-03-23T13:52:48.598587+++"""Qual local lhe parece mais seguro? Left https://contribua.org/bairros/oeste/liberdade/Rua_Severino_Pimentel__321__0.jpg https://contribua.org/bairros/norte/centro/Rua_Pedro_Alvares_Cabral__129_90.jpg"""
14785+2015-03-23T13:56:19.886611+517+43961+674++2015-03-23T13:56:19.886643+++"""Qual local lhe parece mais seguro? Right https://contribua.org/bairros/oeste/liberdade/Rua_Severino_Pimentel__321__180.jpg https://contribua.org/bairros/oeste/catole/Rua_Doutor_Antonio_Telha_-_Catole__Campina_Grande__270.jpg"""
14790+2015-03-23T13:56:34.508454+517+44086+674++2015-03-23T13:56:34.508487+++"""Qual local lhe parece mais agrad%C3%A1vel? Right https://contribua.org/bairros/oeste/liberdade/Rua_Padre_Pedro_Serrao__353__270.jpg https://contribua.org/bairros/norte/centro/Avenida_Dom_Pedro_II__500_90.jpg"""
13157+2015-02-28T18:19:08.628046+517+43314+638++2015-02-28T18:19:08.628063+++"""Qual local lhe parece mais seguro? Right https://contribua.org/bairros/oeste/liberdade/Rua_Severino_Pimentel__439__0.jpg https://contribua.org/bairros/oeste/liberdade/Rua_Padre_Pedro_Serrao__336__90.jpg"""
13173+2015-02-28T18:20:25.804239+517+43330+638++2015-02-28T18:20:25.804274+++"""Qual local lhe parece mais agrad%C3%A1vel? Left https://contribua.org/bairros/oeste/liberdade/Rua_Severino_Pimentel__511_90.jpg https://contribua.org/bairros/norte/centro/Avenida_Presidente_Getulio_Vargas__395__90.jpg"""
13178+2015-02-28T18:20:52.466427+517+43335+638++2015-02-28T18:20:52.466460+++"""Qual local lhe parece mais seguro? NotKnown https://contribua.org/bairros/oeste/liberdade/Rua_Padre_Pedro_Serrao__336__270.jpg https://contribua.org/bairros/oeste/liberdade/Rua_Acre__635_270.jpg"""
14772+2015-03-23T13:54:59.020125+517+43989+674++2015-03-23T13:54:59.020156+++"""Qual local lhe parece mais agrad%C3%A1vel? Left https://contribua.org/bairros/oeste/catole/Rua_Doutor_Antonio_Telha__235_180.jpg https://contribua.org/bairros/norte/centro/Rua_Augusto_Severo__71_0.jpg"""
13161+2015-02-28T18:19:30.129400+517+43318+638++2015-02-28T18:19:30.129433+++"""Qual local lhe parece mais seguro? Right https://contribua.org/bairros/oeste/liberdade/Rua_Santa_Catarina__1231__180.jpg https://contribua.org/bairros/oeste/catole/Rua_Vigario_Calixto__1201_180.jpg"""
14816+2015-03-23T13:58:08.947313+517+43988+674++2015-03-23T13:58:08.947346+++"""Qual local lhe parece mais agrad%C3%A1vel? Right https://contribua.org/bairros/oeste/liberdade/Rua_Espirito_Santo__1288__180.jpg https://contribua.org/bairros/norte/centro/Rua_Elias_Aforas__67__0.jpg"""
14840+2015-03-23T14:00:20.082948+517+44048+674++2015-03-23T14:00:20.082980+++"""Qual local lhe parece mais agrad%C3%A1vel? Right https://contribua.org/bairros/oeste/catole/Rua_Cristina_Procopio_da_Silva__62__270.jpg https://contribua.org/bairros/norte/centro/Rua_Elias_Aforas__202_0.jpg"""
14842+2015-03-23T14:08:45.253513+517+43977+671++2015-03-23T14:08:45.253545+++"""Qual local lhe parece mais agrad%C3%A1vel? Right https://contribua.org/bairros/oeste/liberdade/Rua_Riachuelo__455__0.jpg https://contribua.org/bairros/norte/centro/Rua_Elias_Aforas__202_0.jpg"""
14851+2015-03-23T14:09:42.406140+517+44049+671++2015-03-23T14:09:42.406156+++"""Qual local lhe parece mais agrad%C3%A1vel? Right https://contribua.org/bairros/norte/centro/Rua_Manoel_P._de_Araujo__150_270.jpg https://contribua.org/bairros/norte/centro/Rua_Elias_Aforas__202_0.jpg"""
13165+2015-02-28T18:19:48.774564+517+43322+638++2015-02-28T18:19:48.774596+++"""Qual local lhe parece mais agrad%C3%A1vel? Right https://contribua.org/bairros/norte/centro/Rua_Manoel_P._de_Araujo__370_180.jpg https://contribua.org/bairros/oeste/liberdade/Rua_Riachuelo__455__180.jpg"""
13181+2015-02-28T18:21:27.179604+517+43338+638++2015-02-28T18:21:27.179636+++"""Qual local lhe parece mais agrad%C3%A1vel? Right https://contribua.org/bairros/norte/centro/Rua_Felix_Araujo__48__90.jpg https://contribua.org/bairros/norte/centro/Rua_Elias_Aforas__202_180.jpg"""
14787+2015-03-23T13:56:24.713375+517+44076+674++2015-03-23T13:56:24.713409+++"""Qual local lhe parece mais agrad%C3%A1vel? Right https://contribua.org/bairros/norte/centro/Rua_Manoel_P._de_Araujo__370_180.jpg https://contribua.org/bairros/norte/centro/Rua_Coronel_Salvino_Figueiredo__251_90.jpg"""
14821+2015-03-23T13:58:38.227198+517+44036+674++2015-03-23T13:58:38.227231+++"""Qual local lhe parece mais agrad%C3%A1vel? Right https://contribua.org/bairros/norte/centro/Rua_Manoel_P._de_Araujo__150_270.jpg https://contribua.org/bairros/norte/centro/Rua_Felix_Araujo__132__270.jpg"""
14846+2015-03-23T14:09:28.130671+517+44092+671++2015-03-23T14:09:28.130690+++"""{age=19|sex=Masculino|class=Baixa (at\u00e9 R$ 1.449,99)|educ=Gradua\u00e7\u00e3o|city=Montadas - State of Para\u00edba, Brazil|time=19|rel=Solteiro|neig=cen} Qual local lhe parece mais seguro? Left https://contribua.org/bairros/oeste/catole/Rua_Honorio_de_Melo__240__90.jpg https://contribua.org/bairros/oeste/liberdade/Rua_Edesio_Silva__602__0.jpg"""
14859+2015-03-23T14:10:10.744103+517+44133+671++2015-03-23T14:10:10.744140+++"""Qual local lhe parece mais seguro? Left https://contribua.org/bairros/oeste/catole/Rua_Olegario_Mariano__139_270.jpg https://contribua.org/bairros/norte/centro/Rua_Quebra_Quilos__399__90.jpg"""
14898+2015-03-23T14:46:06.945822+517+44079+678++2015-03-23T14:46:06.945854+++"""Qual local lhe parece mais agrad%C3%A1vel? Left https://contribua.org/bairros/oeste/catole/Rua_Deputado_Ascendino_Moura__101__90.jpg https://contribua.org/bairros/norte/centro/Rua_Augusto_Severo__71_0.jpg"""
13185+2015-02-28T18:22:03.756282+517+43342+638++2015-02-28T18:22:03.756315+++"""Qual local lhe parece mais seguro? Right https://contribua.org/bairros/oeste/liberdade/Rua_Acre__635_270.jpg https://contribua.org/bairros/oeste/liberdade/Rua_Espirito_Santo__1288__0.jpg"""
13219+2015-02-28T18:24:58.617863+517+43376+638++2015-02-28T18:24:58.617896+++"""Qual local lhe parece mais seguro? Left https://contribua.org/bairros/oeste/liberdade/Rua_Riachuelo__847__0.jpg https://contribua.org/bairros/oeste/liberdade/Rua_Edesio_Silva__602__180.jpg"""
14817+2015-03-23T13:58:11.114761+517+43941+674++2015-03-23T13:58:11.114788+++"""Qual local lhe parece mais seguro? Left https://contribua.org/bairros/norte/centro/Rua_Quebra_Quilos__399__270.jpg https://contribua.org/bairros/norte/centro/Rua_Felix_Araujo__48__90.jpg"""
14856+2015-03-23T14:10:03.312463+517+44004+671++2015-03-23T14:10:03.312478+++"""Qual local lhe parece mais agrad%C3%A1vel? Right https://contribua.org/bairros/oeste/catole/Rua_Deputado_Ascendino_Moura__101__90.jpg https://contribua.org/bairros/norte/centro/Avenida_Dom_Pedro_II__500_90.jpg"""
14871+2015-03-23T14:10:52.292494+517+44130+671++2015-03-23T14:10:52.292510+++"""Qual local lhe parece mais seguro? Right https://contribua.org/bairros/oeste/liberdade/Rua_Severino_Pimentel__321__0.jpg https://contribua.org/bairros/norte/centro/Rua_Pedro_Alvares_Cabral__129_180.jpg"""
13207+2015-02-28T18:24:04.217496+517+43364+638++2015-02-28T18:24:04.217529+++"""Qual local lhe parece mais seguro? Right https://contribua.org/bairros/oeste/liberdade/Rua_Riachuelo__455__0.jpg https://contribua.org/bairros/oeste/liberdade/Rua_Odon_Bezerra__388__270.jpg"""
14829+2015-03-23T13:59:00.408792+517+44135+674++2015-03-23T13:59:00.408836+++"""Qual local lhe parece mais agrad%C3%A1vel? Left https://contribua.org/bairros/oeste/liberdade/Rua_Espirito_Santo__1288__180.jpg https://contribua.org/bairros/norte/centro/Rua_Felix_Araujo__132__270.jpg"""
14901+2015-03-23T14:47:05.885691+517+44121+678++2015-03-23T14:47:05.885725+++"""Qual local lhe parece mais agrad%C3%A1vel? Left https://contribua.org/bairros/oeste/catole/Rua_Joao_Francisco_Mota__64__270.jpg https://contribua.org/bairros/norte/centro/Rua_Elias_Aforas__67__0.jpg"""
13189+2015-02-28T18:22:30.057616+517+43346+638++2015-02-28T18:22:30.057650+++"""Qual local lhe parece mais seguro? NotKnown https://contribua.org/bairros/oeste/liberdade/Rua_Riachuelo__847__180.jpg https://contribua.org/bairros/oeste/catole/Rua_Olegario_Mariano__139_270.jpg"""
13210+2015-02-28T18:24:17.491086+517+43367+638++2015-02-28T18:24:17.491119+++"""Qual local lhe parece mais seguro? Right https://contribua.org/bairros/oeste/liberdade/Rua_Padre_Pedro_Serrao__353__270.jpg https://contribua.org/bairros/oeste/liberdade/Rua_Padre_Pedro_Serrao__353__90.jpg"""
14837+2015-03-23T13:59:27.363770+517+44164+674++2015-03-23T13:59:27.363802+++"""Qual local lhe parece mais seguro? Right https://contribua.org/bairros/oeste/catole/Rua_Deputado_Ascendino_Moura__101__270.jpg https://contribua.org/bairros/norte/centro/Rua_Quebra_Quilos__399__90.jpg"""
14850+2015-03-23T14:09:39.639440+517+44083+671++2015-03-23T14:09:39.639456+++"""Qual local lhe parece mais seguro? Left https://contribua.org/bairros/oeste/liberdade/Rua_Padre_Pedro_Serrao__207__90.jpg https://contribua.org/bairros/oeste/catole/Rua_Doutor_Antonio_Telha_-_Catole__Campina_Grande__270.jpg"""
14870+2015-03-23T14:10:49.279903+517+44112+671++2015-03-23T14:10:49.279941+++"""Qual local lhe parece mais seguro? Left https://contribua.org/bairros/oeste/catole/Rua_Inacio_Marques_da_Silva__434_270.jpg https://contribua.org/bairros/oeste/catole/Rua_Olegario_Mariano__139_90.jpg"""
14917+2015-03-23T14:50:35.449573+517+44059+677++2015-03-23T14:50:35.449606+++"""Qual local lhe parece mais agrad%C3%A1vel? Right https://contribua.org/bairros/oeste/liberdade/Rua_Odon_Bezerra__306_270.jpg https://contribua.org/bairros/norte/centro/Rua_Elias_Aforas__67__0.jpg"""
14920+2015-03-23T14:50:44.026725+517+44165+678++2015-03-23T14:50:44.026757+++"""{age=18|sex=Masculino|class=Baixa (at\u00e9 R$ 1.449,99)|educ=Gradua\u00e7\u00e3o|city=Campina Grande - Para\u00edba, Brasil|time=18|rel=Solteiro|neig=cen;cat} Qual local lhe parece mais agrad%C3%A1vel? Right https://contribua.org/bairros/oeste/liberdade/Rua_Riachuelo__930__180.jpg https://contribua.org/bairros/norte/centro/Rua_Elias_Aforas__67__0.jpg"""
13192+2015-02-28T18:22:42.995704+517+43349+638++2015-02-28T18:22:42.995736+++"""Qual local lhe parece mais agrad%C3%A1vel? Right https://contribua.org/bairros/norte/centro/Rua_Coronel_Salvino_Figueiredo__251_270.jpg https://contribua.org/bairros/oeste/liberdade/Rua_Riachuelo__455__180.jpg"""
14867+2015-03-23T14:10:40.286459+517+44123+671++2015-03-23T14:10:40.286493+++"""Qual local lhe parece mais seguro? Right https://contribua.org/bairros/oeste/liberdade/Rua_Riachuelo__847__180.jpg https://contribua.org/bairros/oeste/catole/Rua_Doutor_Antonio_Telha__235_0.jpg"""
14887+2015-03-23T14:43:34.021020+517+44098+677++2015-03-23T14:43:34.021053+++"""Qual local lhe parece mais agrad%C3%A1vel? Left https://contribua.org/bairros/oeste/liberdade/Rua_Riachuelo__930__180.jpg https://contribua.org/bairros/norte/centro/Rua_Coronel_Salvino_Figueiredo__251_90.jpg"""
14896+2015-03-23T14:44:37.286870+517+44154+677++2015-03-23T14:44:37.286905+++"""Qual local lhe parece mais seguro? Right https://contribua.org/bairros/oeste/catole/Rua_Doutor_Antonio_Telha_-_Catole__Campina_Grande__90.jpg https://contribua.org/bairros/oeste/catole/Rua_Joao_Francisco_Mota__64__90.jpg"""
14906+2015-03-23T14:49:43.547986+517+44091+678++2015-03-23T14:49:43.548018+++"""Qual local lhe parece mais agrad%C3%A1vel? NotKnown https://contribua.org/bairros/oeste/liberdade/Rua_Odon_Bezerra__147_270.jpg https://contribua.org/bairros/norte/centro/Rua_Capitao_Joao_de_Sa__45__0.jpg"""
14916+2015-03-23T14:50:31.229981+517+44104+677++2015-03-23T14:50:31.230092+++"""Qual local lhe parece mais agrad%C3%A1vel? Right https://contribua.org/bairros/oeste/catole/Rua_Cristina_Procopio_da_Silva__62__90.jpg https://contribua.org/bairros/norte/centro/Rua_Doutor_Severino_Cruz__411__90.jpg"""
13222+2015-02-28T18:25:14.662035+517+43379+638++2015-02-28T18:25:14.662068+++"""Qual local lhe parece mais seguro? Right https://contribua.org/bairros/oeste/liberdade/Rua_Sergipe__1337_90.jpg https://contribua.org/bairros/oeste/liberdade/Rua_Odon_Bezerra__147_270.jpg"""
13227+2015-02-28T18:25:31.587428+517+43384+638++2015-02-28T18:25:31.587464+++"""Qual local lhe parece mais agrad%C3%A1vel? Left https://contribua.org/bairros/norte/centro/Rua_Elias_Aforas__202_0.jpg https://contribua.org/bairros/norte/centro/Avenida_Presidente_Getulio_Vargas__395__270.jpg"""
14882+2015-03-23T14:11:28.615913+517+44124+671++2015-03-23T14:11:28.615946+++"""Qual local lhe parece mais seguro? Right https://contribua.org/bairros/oeste/liberdade/Rua_Odon_Bezerra__388__90.jpg https://contribua.org/bairros/oeste/liberdade/Rua_Edesio_Silva__602__0.jpg"""
14905+2015-03-23T14:48:46.853484+517+44149+678++2015-03-23T14:48:46.853515+++"""{age=18|sex=Masculino|class=Baixa (at\u00e9 R$ 1.449,99)|educ=Gradua\u00e7\u00e3o|city=Campina Grande - Para\u00edba, Brasil|time=18|rel=Solteiro|neig=} Qual local lhe parece mais seguro? NotKnown https://contribua.org/bairros/oeste/catole/Rua_Vigario_Calixto__1201_0.jpg https://contribua.org/bairros/oeste/catole/Rua_Joao_Francisco_Mota__64__90.jpg"""
14930+2015-03-23T14:51:11.540778+517+44025+677++2015-03-23T14:51:11.540810+++"""Qual local lhe parece mais agrad%C3%A1vel? Left https://contribua.org/bairros/oeste/liberdade/Rua_Riachuelo__930__0.jpg https://contribua.org/bairros/norte/centro/Avenida_Dom_Pedro_II__500_90.jpg"""
14961+2015-03-23T14:52:44.229682+517+44199+678++2015-03-23T14:52:44.229700+++"""Qual local lhe parece mais agrad%C3%A1vel? NotKnown https://contribua.org/bairros/oeste/catole/Rua_Olegario_Mariano__139_270.jpg https://contribua.org/bairros/norte/centro/Avenida_Dom_Pedro_II__500_90.jpg"""
14962+2015-03-23T14:52:47.438161+517+44027+678++2015-03-23T14:52:47.438196+++"""Qual local lhe parece mais agrad%C3%A1vel? Right https://contribua.org/bairros/oeste/liberdade/Rua_Sergipe__1337_90.jpg https://contribua.org/bairros/norte/centro/Rua_Coronel_Salvino_Figueiredo__251_90.jpg"""
15013+2015-03-23T14:55:33.578785+517+44189+678++2015-03-23T14:55:33.578812+++"""Qual local lhe parece mais agrad%C3%A1vel? Right https://contribua.org/bairros/oeste/catole/Rua_Aluisio_Cunha_Linha__50__270.jpg https://contribua.org/bairros/norte/centro/Avenida_Dom_Pedro_II__500_90.jpg"""
15049+2015-03-23T15:07:38.857891+517+44229+679++2015-03-23T15:07:38.857923+++"""Qual local lhe parece mais agrad%C3%A1vel? Right https://contribua.org/bairros/oeste/liberdade/Rua_Severino_Pimentel__511_270.jpg https://contribua.org/bairros/norte/centro/Avenida_Presidente_Getulio_Vargas__210__0.jpg"""
13223+2015-02-28T18:25:17.210489+517+43380+638++2015-02-28T18:25:17.210522+++"""Qual local lhe parece mais seguro? NotKnown https://contribua.org/bairros/oeste/liberdade/Rua_Severino_Pimentel__511_270.jpg https://contribua.org/bairros/oeste/liberdade/Rua_Santa_Catarina__1231__0.jpg"""
14968+2015-03-23T14:53:13.185660+517+44207+677++2015-03-23T14:53:13.185691+++"""Qual local lhe parece mais seguro? Right https://contribua.org/bairros/oeste/liberdade/Rua_Odon_Bezerra__147_90.jpg https://contribua.org/bairros/oeste/catole/Rua_Doutor_Antonio_Telha_-_Catole__Campina_Grande__270.jpg"""
14987+2015-03-23T14:53:56.472775+517+44094+677++2015-03-23T14:53:56.472840+++"""Qual local lhe parece mais agrad%C3%A1vel? Right https://contribua.org/bairros/oeste/liberdade/Rua_Odon_Bezerra__306_90.jpg https://contribua.org/bairros/norte/centro/Rua_Elias_Aforas__67__180.jpg"""
15005+2015-03-23T14:54:47.555491+517+44200+678++2015-03-23T14:54:47.555525+++"""Qual local lhe parece mais agrad%C3%A1vel? Right https://contribua.org/bairros/oeste/liberdade/Avenida_Assis_Chateaubriand__1334__0.jpg https://contribua.org/bairros/norte/centro/Rua_Doutor_Severino_Cruz__411__90.jpg"""
14944+2015-03-23T14:51:56.427543+517+44128+678++2015-03-23T14:51:56.427565+++"""Qual local lhe parece mais seguro? NotKnown https://contribua.org/bairros/norte/centro/Rua_Quebra_Quilos__399__270.jpg https://contribua.org/bairros/oeste/catole/Rua_Doutor_Antonio_Telha__235_0.jpg"""
14964+2015-03-23T14:52:55.613461+517+44010+678++2015-03-23T14:52:55.613500+++"""Qual local lhe parece mais seguro? NotKnown https://contribua.org/bairros/oeste/catole/Rua_Olegario_Mariano__139_270.jpg https://contribua.org/bairros/oeste/catole/Rua_Olegario_Mariano__139_90.jpg"""
14967+2015-03-23T14:53:06.625413+517+44076+677++2015-03-23T14:53:06.625451+++"""Qual local lhe parece mais agrad%C3%A1vel? Right https://contribua.org/bairros/norte/centro/Rua_Manoel_P._de_Araujo__370_180.jpg https://contribua.org/bairros/norte/centro/Rua_Coronel_Salvino_Figueiredo__251_90.jpg"""
14988+2015-03-23T14:53:58.202124+517+44167+678++2015-03-23T14:53:58.202142+++"""Qual local lhe parece mais agrad%C3%A1vel? Left https://contribua.org/bairros/oeste/liberdade/Rua_Severino_Pimentel__439__180.jpg https://contribua.org/bairros/norte/centro/Rua_Elias_Aforas__202_0.jpg"""
14991+2015-03-23T14:54:08.412748+517+44233+678++2015-03-23T14:54:08.412782+++"""Qual local lhe parece mais agrad%C3%A1vel? NotKnown https://contribua.org/bairros/oeste/catole/Rua_Luisa_Bezerra_Mota__246_270.jpg https://contribua.org/bairros/norte/centro/Rua_Elias_Aforas__67__180.jpg"""
13217+2015-02-28T18:24:48.845301+517+43374+638++2015-02-28T18:24:48.845333+++"""Qual local lhe parece mais seguro? Right https://contribua.org/bairros/oeste/liberdade/Rua_Severino_Pimentel__511_90.jpg https://contribua.org/bairros/oeste/liberdade/Rua_Odon_Bezerra__306_270.jpg"""
14925+2015-03-23T14:51:00.074234+517+44154+678++2015-03-23T14:51:00.074267+++"""Qual local lhe parece mais seguro? NotKnown https://contribua.org/bairros/oeste/catole/Rua_Doutor_Antonio_Telha_-_Catole__Campina_Grande__90.jpg https://contribua.org/bairros/oeste/catole/Rua_Joao_Francisco_Mota__64__90.jpg"""
14934+2015-03-23T14:51:22.173464+517+44087+678++2015-03-23T14:51:22.173500+++"""Qual local lhe parece mais seguro? Right https://contribua.org/bairros/oeste/liberdade/Rua_Padre_Pedro_Serrao__207__90.jpg https://contribua.org/bairros/norte/centro/Rua_Quebra_Quilos__399__270.jpg"""
14939+2015-03-23T14:51:37.450948+517+43818+678++2015-03-23T14:51:37.450964+++"""Qual local lhe parece mais seguro? NotKnown https://contribua.org/bairros/oeste/liberdade/Rua_Riachuelo__847__180.jpg https://contribua.org/bairros/oeste/catole/Rua_Doutor_Antonio_Telha__68__90.jpg"""
14999+2015-03-23T14:54:29.090765+517+43994+677++2015-03-23T14:54:29.090798+++"""Qual local lhe parece mais agrad%C3%A1vel? NotKnown https://contribua.org/bairros/norte/centro/Rua_Coronel_Salvino_Figueiredo__251_90.jpg https://contribua.org/bairros/norte/centro/Rua_Elias_Aforas__202_0.jpg"""
14942+2015-03-23T14:51:51.019407+517+44160+678++2015-03-23T14:51:51.019430+++"""Qual local lhe parece mais agrad%C3%A1vel? Left https://contribua.org/bairros/oeste/liberdade/Rua_Riachuelo__847__180.jpg https://contribua.org/bairros/norte/centro/Rua_Felix_Araujo__132__270.jpg"""
14948+2015-03-23T14:52:09.756894+517+44159+678++2015-03-23T14:52:09.756927+++"""Qual local lhe parece mais seguro? Left https://contribua.org/bairros/oeste/catole/Rua_Olegario_Mariano__139_0.jpg https://contribua.org/bairros/oeste/catole/Rua_Doutor_Antonio_Telha__235_0.jpg"""
14952+2015-03-23T14:52:18.549952+517+44132+677++2015-03-23T14:52:18.549984+++"""Qual local lhe parece mais seguro? Left https://contribua.org/bairros/oeste/catole/Rua_Olegario_Mariano__139_180.jpg https://contribua.org/bairros/norte/centro/Rua_Manoel_P._de_Araujo__150_270.jpg"""
14959+2015-03-23T14:52:41.009453+517+44191+677++2015-03-23T14:52:41.009471+++"""Qual local lhe parece mais seguro? Left https://contribua.org/bairros/oeste/liberdade/Rua_Padre_Pedro_Serrao__353__90.jpg https://contribua.org/bairros/norte/centro/Rua_Manoel_P._de_Araujo__150_270.jpg"""
15012+2015-03-23T14:55:30.014446+517+44250+678++2015-03-23T14:55:30.014479+++"""Qual local lhe parece mais seguro? Right https://contribua.org/bairros/oeste/liberdade/Rua_Riachuelo__930__180.jpg https://contribua.org/bairros/oeste/catole/Rua_Joao_Francisco_Mota__64__90.jpg"""
13212+2015-02-28T18:24:23.089495+517+43369+638++2015-02-28T18:24:23.089533+++"""Qual local lhe parece mais seguro? NotKnown https://contribua.org/bairros/oeste/liberdade/Rua_Severino_Pimentel__321__180.jpg https://contribua.org/bairros/oeste/catole/Rua_Olegario_Mariano__139_180.jpg"""
15019+2015-03-23T14:56:28.413203+517+44021+678++2015-03-23T14:56:28.413235+++"""Qual local lhe parece mais agrad%C3%A1vel? Left https://contribua.org/bairros/oeste/liberdade/Rua_Severino_Pimentel__439__0.jpg https://contribua.org/bairros/norte/centro/Rua_Elias_Aforas__202_0.jpg"""
15020+2015-03-23T14:56:30.335720+517+44072+678++2015-03-23T14:56:30.335762+++"""Qual local lhe parece mais agrad%C3%A1vel? Left https://contribua.org/bairros/oeste/catole/Rua_Olegario_Mariano__139_90.jpg https://contribua.org/bairros/norte/centro/Avenida_Dom_Pedro_II__500_90.jpg"""
15023+2015-03-23T14:56:41.155390+517+44083+678++2015-03-23T14:56:41.155422+++"""Qual local lhe parece mais seguro? Right https://contribua.org/bairros/oeste/liberdade/Rua_Padre_Pedro_Serrao__207__90.jpg https://contribua.org/bairros/oeste/catole/Rua_Doutor_Antonio_Telha_-_Catole__Campina_Grande__270.jpg"""
15027+2015-03-23T14:56:55.095057+517+44257+678++2015-03-23T14:56:55.095090+++"""Qual local lhe parece mais agrad%C3%A1vel? Left https://contribua.org/bairros/oeste/liberdade/Rua_Severino_Pimentel__439__180.jpg https://contribua.org/bairros/norte/centro/Rua_Coronel_Salvino_Figueiredo__251_90.jpg"""
15081+2015-03-23T16:28:41.293045+517+44072+681++2015-03-23T16:28:41.293102+++"""Qual local lhe parece mais agrad%C3%A1vel? Left https://contribua.org/bairros/oeste/catole/Rua_Olegario_Mariano__139_90.jpg https://contribua.org/bairros/norte/centro/Avenida_Dom_Pedro_II__500_90.jpg"""
13230+2015-03-01T20:19:16.442753+517+43294+644++2015-03-01T20:19:16.442770+++"""Qual local lhe parece mais seguro? Right https://contribua.org/bairros/oeste/liberdade/Rua_Riachuelo__847__0.jpg https://contribua.org/bairros/oeste/liberdade/Rua_Odon_Bezerra__147_90.jpg"""
13234+2015-03-01T20:19:35.522490+517+43297+644++2015-03-01T20:19:35.522522+++"""Qual local lhe parece mais seguro? Right https://contribua.org/bairros/oeste/liberdade/Rua_Santa_Catarina__1231__180.jpg https://contribua.org/bairros/oeste/liberdade/Avenida_Assis_Chateaubriand__1334__180.jpg"""
13236+2015-03-01T20:19:45.688607+517+43299+644++2015-03-01T20:19:45.688639+++"""Qual local lhe parece mais seguro? Left https://contribua.org/bairros/oeste/liberdade/Rua_Odon_Bezerra__388__270.jpg https://contribua.org/bairros/oeste/liberdade/Rua_Riachuelo__930__180.jpg"""
15006+2015-03-23T14:54:51.917332+517+44186+678++2015-03-23T14:54:51.917366+++"""Qual local lhe parece mais seguro? Left https://contribua.org/bairros/norte/centro/Rua_Manoel_P._de_Araujo__150_270.jpg https://contribua.org/bairros/norte/centro/Rua_Pedro_Alvares_Cabral__129_90.jpg"""
15029+2015-03-23T14:57:04.560758+517+44205+678++2015-03-23T14:57:04.560791+++"""Qual local lhe parece mais seguro? Left https://contribua.org/bairros/oeste/catole/Rua_Joao_Francisco_Mota__64__90.jpg https://contribua.org/bairros/norte/centro/Rua_Pedro_Alvares_Cabral__129_90.jpg"""
15074+2015-03-23T15:34:10.251752+517+44179+680++2015-03-23T15:34:10.251793+++"""Qual local lhe parece mais agrad%C3%A1vel? Right https://contribua.org/bairros/oeste/catole/Rua_Aluisio_Cunha_Linha__50__90.jpg https://contribua.org/bairros/norte/centro/Rua_Elias_Aforas__67__180.jpg"""
13308+2015-03-02T19:00:07.604187+517+43307+639++2015-03-02T19:00:07.604247+++"""Qual local lhe parece mais seguro? Left https://contribua.org/bairros/oeste/liberdade/Rua_Severino_Pimentel__321__180.jpg https://contribua.org/bairros/oeste/liberdade/Rua_Odon_Bezerra__388__270.jpg"""
13359+2015-03-02T19:05:50.547944+517+43358+639++2015-03-02T19:05:50.547976+++"""Qual local lhe parece mais agrad%C3%A1vel? Left https://contribua.org/bairros/norte/centro/Rua_Doutor_Severino_Cruz__411__90.jpg https://contribua.org/bairros/norte/centro/Avenida_Presidente_Getulio_Vargas__395__270.jpg"""
13319+2015-03-02T19:01:51.155492+517+43318+639++2015-03-02T19:01:51.155526+++"""Qual local lhe parece mais seguro? Right https://contribua.org/bairros/oeste/liberdade/Rua_Santa_Catarina__1231__180.jpg https://contribua.org/bairros/oeste/catole/Rua_Vigario_Calixto__1201_180.jpg"""
13323+2015-03-02T19:02:18.217509+517+43322+639++2015-03-02T19:02:18.217543+++"""Qual local lhe parece mais agrad%C3%A1vel? Right https://contribua.org/bairros/norte/centro/Rua_Manoel_P._de_Araujo__370_180.jpg https://contribua.org/bairros/oeste/liberdade/Rua_Riachuelo__455__180.jpg"""
13331+2015-03-02T19:03:46.883269+517+43330+639++2015-03-02T19:03:46.883304+++"""Qual local lhe parece mais agrad%C3%A1vel? Left https://contribua.org/bairros/oeste/liberdade/Rua_Severino_Pimentel__511_90.jpg https://contribua.org/bairros/norte/centro/Avenida_Presidente_Getulio_Vargas__395__90.jpg"""
13327+2015-03-02T19:02:52.423632+517+43326+639++2015-03-02T19:02:52.423666+++"""Qual local lhe parece mais agrad%C3%A1vel? Right https://contribua.org/bairros/norte/centro/Rua_Coronel_Salvino_Figueiredo__251_270.jpg https://contribua.org/bairros/norte/centro/Avenida_Presidente_Getulio_Vargas__271__90.jpg"""
13365+2015-03-02T19:06:07.686336+517+43364+639++2015-03-02T19:06:07.686368+++"""Qual local lhe parece mais seguro? Left https://contribua.org/bairros/oeste/liberdade/Rua_Riachuelo__455__0.jpg https://contribua.org/bairros/oeste/liberdade/Rua_Odon_Bezerra__388__270.jpg"""
13393+2015-03-02T19:16:30.373430+517+43392+639++2015-03-02T19:16:30.373462+++"""Qual local lhe parece mais seguro? Right https://contribua.org/bairros/oeste/liberdade/Rua_Riachuelo__930__0.jpg https://contribua.org/bairros/oeste/liberdade/Rua_Severino_Pimentel__321__0.jpg"""
13410+2015-03-02T19:18:41.058161+517+43409+639++2015-03-02T19:18:41.058193+++"""Qual local lhe parece mais agrad%C3%A1vel? Right https://contribua.org/bairros/oeste/catole/Rua_Cristina_Procopio_da_Silva__62__270.jpg https://contribua.org/bairros/norte/centro/Avenida_Barao_Rio_Branco__141_90.jpg"""
13412+2015-03-02T19:18:52.195218+517+43411+639++2015-03-02T19:18:52.195251+++"""Qual local lhe parece mais agrad%C3%A1vel? Right https://contribua.org/bairros/norte/centro/Avenida_Presidente_Getulio_Vargas__210__180.jpg https://contribua.org/bairros/oeste/liberdade/Rua_Riachuelo__455__180.jpg"""
13413+2015-03-02T19:19:00.615737+517+43412+639++2015-03-02T19:19:00.615770+++"""Qual local lhe parece mais agrad%C3%A1vel? Left https://contribua.org/bairros/norte/centro/Avenida_Barao_Rio_Branco__141_270.jpg https://contribua.org/bairros/oeste/liberdade/Rua_Riachuelo__455__180.jpg"""
15066+2015-03-23T15:33:10.738998+517+44157+680++2015-03-23T15:33:10.739031+++"""Qual local lhe parece mais agrad%C3%A1vel? Right https://contribua.org/bairros/norte/centro/Rua_Manoel_P._de_Araujo__370_180.jpg https://contribua.org/bairros/norte/centro/Rua_Coronel_Salvino_Figueiredo__251_270.jpg"""
15068+2015-03-23T15:33:32.707607+517+44195+680++2015-03-23T15:33:32.707639+++"""Qual local lhe parece mais seguro? Left https://contribua.org/bairros/oeste/catole/Rua_Honorio_de_Melo__240__270.jpg https://contribua.org/bairros/oeste/liberdade/Rua_Edesio_Silva__602__0.jpg"""
15073+2015-03-23T15:34:07.144280+517+44227+680++2015-03-23T15:34:07.144312+++"""Qual local lhe parece mais seguro? Right https://contribua.org/bairros/oeste/liberdade/Rua_Sergipe__1337_90.jpg https://contribua.org/bairros/oeste/catole/Rua_Honorio_de_Melo__240__270.jpg"""
15093+2015-03-23T16:31:28.806976+517+44209+681++2015-03-23T16:31:28.807015+++"""Qual local lhe parece mais seguro? Left https://contribua.org/bairros/oeste/liberdade/Rua_Severino_Pimentel__439__0.jpg https://contribua.org/bairros/oeste/catole/Rua_Cristina_Procopio_da_Silva__62__270.jpg"""
15117+2015-03-23T16:34:33.686127+517+44001+681++2015-03-23T16:34:33.686160+++"""Qual local lhe parece mais seguro? Left https://contribua.org/bairros/oeste/catole/Rua_Joao_Francisco_Mota__64__90.jpg https://contribua.org/bairros/oeste/catole/Rua_Honorio_de_Melo__240__270.jpg"""
13306+2015-03-02T18:59:52.929733+517+43305+639++2015-03-02T18:59:52.929764+++"""Qual local lhe parece mais seguro? Right https://contribua.org/bairros/oeste/liberdade/Rua_Odon_Bezerra__306_270.jpg https://contribua.org/bairros/oeste/catole/Rua_Olegario_Mariano__139_270.jpg"""
13318+2015-03-02T19:01:47.301598+517+43317+639++2015-03-02T19:01:47.301631+++"""Qual local lhe parece mais agrad%C3%A1vel? Left https://contribua.org/bairros/norte/centro/Rua_Quebra_Quilos__399__270.jpg https://contribua.org/bairros/norte/centro/Avenida_Presidente_Getulio_Vargas__271__90.jpg"""
13349+2015-03-02T19:05:12.009855+517+43348+639++2015-03-02T19:05:12.009889+++"""Qual local lhe parece mais seguro? Right https://contribua.org/bairros/oeste/liberdade/Rua_Sergipe__1337_0.jpg https://contribua.org/bairros/oeste/liberdade/Rua_Padre_Pedro_Serrao__207__90.jpg"""
13415+2015-03-02T19:19:06.647387+517+43414+639++2015-03-02T19:19:06.647419+++"""Qual local lhe parece mais agrad%C3%A1vel? Right https://contribua.org/bairros/oeste/liberdade/Rua_Sergipe__1337_0.jpg https://contribua.org/bairros/norte/centro/Avenida_Presidente_Getulio_Vargas__271__270.jpg"""
13342+2015-03-02T19:04:39.537680+517+43341+639++2015-03-02T19:04:39.537712+++"""Qual local lhe parece mais seguro? Left https://contribua.org/bairros/oeste/liberdade/Rua_Severino_Pimentel__511_90.jpg https://contribua.org/bairros/oeste/liberdade/Rua_Padre_Pedro_Serrao__336__90.jpg"""
13373+2015-03-02T19:07:06.586208+517+43372+639++2015-03-02T19:07:06.586241+++"""Qual local lhe parece mais seguro? Left https://contribua.org/bairros/oeste/catole/Rua_Olegario_Mariano__139_180.jpg https://contribua.org/bairros/oeste/catole/Rua_Sebastiao_Vieira_da_Silva__1273__180.jpg"""
13374+2015-03-02T19:07:10.675588+517+43373+639++2015-03-02T19:07:10.675621+++"""Qual local lhe parece mais agrad%C3%A1vel? Right https://contribua.org/bairros/oeste/catole/Rua_Doutor_Antonio_Telha__68__270.jpg https://contribua.org/bairros/norte/centro/Avenida_Dom_Pedro_II__119_270.jpg"""
13376+2015-03-02T19:09:43.089939+517+43375+639++2015-03-02T19:09:43.089972+++"""Qual local lhe parece mais seguro? Left https://contribua.org/bairros/oeste/liberdade/Rua_Riachuelo__930__0.jpg https://contribua.org/bairros/oeste/liberdade/Rua_Espirito_Santo__1288__0.jpg"""
13377+2015-03-02T19:09:45.026016+517+43376+639++2015-03-02T19:09:45.026049+++"""Qual local lhe parece mais seguro? Left https://contribua.org/bairros/oeste/liberdade/Rua_Riachuelo__847__0.jpg https://contribua.org/bairros/oeste/liberdade/Rua_Edesio_Silva__602__180.jpg"""
13379+2015-03-02T19:09:53.341338+517+43378+639++2015-03-02T19:09:53.341371+++"""Qual local lhe parece mais agrad%C3%A1vel? Right https://contribua.org/bairros/oeste/catole/Rua_Aluisio_Cunha_Linha__50__90.jpg https://contribua.org/bairros/norte/centro/Avenida_Presidente_Getulio_Vargas__395__90.jpg"""
13395+2015-03-02T19:16:41.459823+517+43394+639++2015-03-02T19:16:41.459856+++"""Qual local lhe parece mais agrad%C3%A1vel? Right https://contribua.org/bairros/norte/centro/Rua_Pedro_Alvares_Cabral__129_90.jpg https://contribua.org/bairros/norte/centro/Avenida_Dom_Pedro_II__119_270.jpg"""
13396+2015-03-02T19:16:44.264016+517+43395+639++2015-03-02T19:16:44.264049+++"""Qual local lhe parece mais agrad%C3%A1vel? Right https://contribua.org/bairros/norte/centro/Rua_Elias_Aforas__202_180.jpg https://contribua.org/bairros/norte/centro/Avenida_Presidente_Getulio_Vargas__271__270.jpg"""
13398+2015-03-02T19:16:55.679895+517+43397+639++2015-03-02T19:16:55.679929+++"""Qual local lhe parece mais seguro? Left https://contribua.org/bairros/oeste/liberdade/Rua_Odon_Bezerra__147_90.jpg https://contribua.org/bairros/oeste/liberdade/Rua_Odon_Bezerra__306_90.jpg"""
13428+2015-03-02T19:21:04.330860+517+43427+639++2015-03-02T19:21:04.330893+++"""Qual local lhe parece mais agrad%C3%A1vel? Right https://contribua.org/bairros/norte/centro/Rua_Pedro_Alvares_Cabral__129_180.jpg https://contribua.org/bairros/norte/centro/Rua_Elias_Aforas__202_180.jpg"""
15063+2015-03-23T15:12:22.516443+517+44108+679++2015-03-23T15:12:22.516478+++"""Qual local lhe parece mais agrad%C3%A1vel? Left https://contribua.org/bairros/oeste/liberdade/Rua_Severino_Pimentel__511_90.jpg https://contribua.org/bairros/norte/centro/Rua_Felix_Araujo__132__270.jpg"""
15107+2015-03-23T16:33:08.079780+517+44270+681++2015-03-23T16:33:08.079813+++"""Qual local lhe parece mais agrad%C3%A1vel? NotKnown https://contribua.org/bairros/oeste/liberdade/Rua_Sergipe__1337_90.jpg https://contribua.org/bairros/norte/centro/Rua_Felix_Araujo__132__270.jpg"""
13469+2015-03-04T19:48:07.670179+517+43398+599++2015-03-04T19:48:07.670195+++"""Qual local lhe parece mais agrad%C3%A1vel? Left https://contribua.org/bairros/oeste/liberdade/Rua_Acre__635_270.jpg https://contribua.org/bairros/norte/centro/Avenida_Presidente_Getulio_Vargas__271__270.jpg"""
13503+2015-03-05T19:03:48.528720+517+43447+646++2015-03-05T19:03:48.528752+++"""Qual local lhe parece mais seguro? Right https://contribua.org/bairros/oeste/catole/Rua_Vigario_Calixto__1201_0.jpg https://contribua.org/bairros/oeste/liberdade/Rua_Espirito_Santo__1288__0.jpg"""
13508+2015-03-05T19:06:19.898911+517+43403+646++2015-03-05T19:06:19.898944+++"""Qual local lhe parece mais seguro? NotKnown https://contribua.org/bairros/oeste/liberdade/Rua_Severino_Pimentel__439__0.jpg https://contribua.org/bairros/oeste/liberdade/Rua_Padre_Pedro_Serrao__353__270.jpg"""
13530+2015-03-05T19:41:32.940927+517+43463+647++2015-03-05T19:41:32.940960+++"""Qual local lhe parece mais seguro? Right https://contribua.org/bairros/oeste/liberdade/Rua_Odon_Bezerra__147_90.jpg https://contribua.org/bairros/oeste/catole/Rua_Olegario_Mariano__139_0.jpg"""
13531+2015-03-05T19:41:36.389365+517+43501+647++2015-03-05T19:41:36.389398+++"""Qual local lhe parece mais agrad%C3%A1vel? Left https://contribua.org/bairros/norte/centro/Avenida_Presidente_Getulio_Vargas__395__90.jpg https://contribua.org/bairros/norte/centro/Avenida_Dom_Pedro_II__119_270.jpg"""
13439+2015-03-03T14:38:15.743216+517+43465+516++2015-03-03T14:38:15.743248+++"""Qual local lhe parece mais agrad%C3%A1vel? Right https://contribua.org/bairros/norte/centro/Rua_Manoel_P._de_Araujo__370_0.jpg https://contribua.org/bairros/norte/centro/Avenida_Presidente_Getulio_Vargas__271__270.jpg"""
13449+2015-03-03T18:33:22.097697+517+43426+641++2015-03-03T18:33:22.097739+++"""Qual local lhe parece mais seguro? Right https://contribua.org/bairros/oeste/liberdade/Rua_Acre__635_270.jpg https://contribua.org/bairros/oeste/catole/Rua_Olegario_Mariano__139_270.jpg"""
13452+2015-03-03T18:33:31.040298+517+43453+641++2015-03-03T18:33:31.040332+++"""Qual local lhe parece mais seguro? Right https://contribua.org/bairros/oeste/liberdade/Rua_Riachuelo__930__0.jpg https://contribua.org/bairros/oeste/liberdade/Rua_Odon_Bezerra__147_270.jpg"""
13432+2015-03-02T19:22:26.412963+517+43431+639++2015-03-02T19:22:26.412996+++"""Qual local lhe parece mais seguro? Left https://contribua.org/bairros/oeste/catole/Rua_Vigario_Calixto__1201_0.jpg https://contribua.org/bairros/oeste/liberdade/Avenida_Assis_Chateaubriand__1334__180.jpg"""
13433+2015-03-02T19:22:29.611200+517+43432+639++2015-03-02T19:22:29.611232+++"""Qual local lhe parece mais seguro? Left https://contribua.org/bairros/oeste/liberdade/Rua_Riachuelo__847__180.jpg https://contribua.org/bairros/oeste/liberdade/Rua_Padre_Pedro_Serrao__207__90.jpg"""
13468+2015-03-04T19:47:08.319334+517+43475+599++2015-03-04T19:47:08.319367+++"""Qual local lhe parece mais seguro? Left https://contribua.org/bairros/oeste/liberdade/Rua_Padre_Pedro_Serrao__353__270.jpg https://contribua.org/bairros/oeste/liberdade/Rua_Espirito_Santo__1288__180.jpg"""
13517+2015-03-05T19:38:40.375807+517+43491+647++2015-03-05T19:38:40.375847+++"""Qual local lhe parece mais agrad%C3%A1vel? Right https://contribua.org/bairros/norte/centro/Avenida_Dom_Pedro_II__500_270.jpg https://contribua.org/bairros/norte/centro/Avenida_Barao_Rio_Branco__141_90.jpg"""
13451+2015-03-03T18:33:28.479104+517+43457+641++2015-03-03T18:33:28.479123+++"""Qual local lhe parece mais agrad%C3%A1vel? Left https://contribua.org/bairros/oeste/liberdade/Rua_Padre_Pedro_Serrao__336__270.jpg https://contribua.org/bairros/norte/centro/Avenida_Presidente_Getulio_Vargas__271__270.jpg"""
13456+2015-03-03T18:33:44.398216+517+43462+641++2015-03-03T18:33:44.398250+++"""Qual local lhe parece mais seguro? Left https://contribua.org/bairros/oeste/liberdade/Rua_Odon_Bezerra__306_90.jpg https://contribua.org/bairros/oeste/liberdade/Rua_Acre__635_270.jpg"""
13463+2015-03-03T18:34:11.016295+517+43452+641++2015-03-03T18:34:11.016333+++"""Qual local lhe parece mais agrad%C3%A1vel? Left https://contribua.org/bairros/oeste/liberdade/Rua_Acre__635_90.jpg https://contribua.org/bairros/norte/centro/Avenida_Dom_Pedro_II__500_270.jpg"""
13496+2015-03-05T18:53:57.844964+517+43497+646++2015-03-05T18:53:57.844999+++"""Qual local lhe parece mais agrad%C3%A1vel? Left https://contribua.org/bairros/norte/centro/Rua_Elias_Aforas__202_180.jpg https://contribua.org/bairros/norte/centro/Avenida_Presidente_Getulio_Vargas__395__270.jpg"""
13511+2015-03-05T19:06:33.880102+517+43410+646++2015-03-05T19:06:33.880135+++"""Qual local lhe parece mais seguro? Right https://contribua.org/bairros/oeste/liberdade/Rua_Santa_Catarina__1231__180.jpg https://contribua.org/bairros/oeste/liberdade/Rua_Padre_Pedro_Serrao__207__90.jpg"""
13534+2015-03-05T19:41:52.056037+517+43465+647++2015-03-05T19:41:52.056070+++"""Qual local lhe parece mais agrad%C3%A1vel? Left https://contribua.org/bairros/norte/centro/Rua_Manoel_P._de_Araujo__370_0.jpg https://contribua.org/bairros/norte/centro/Avenida_Presidente_Getulio_Vargas__271__270.jpg"""
13558+2015-03-05T19:43:40.174847+517+43402+647++2015-03-05T19:43:40.174887+++"""Qual local lhe parece mais seguro? Left https://contribua.org/bairros/oeste/liberdade/Rua_Odon_Bezerra__147_90.jpg https://contribua.org/bairros/oeste/catole/Rua_Olegario_Mariano__139_270.jpg"""
13610+2015-03-05T19:58:16.518009+517+43431+647++2015-03-05T19:58:16.518042+++"""Qual local lhe parece mais seguro? Right https://contribua.org/bairros/oeste/catole/Rua_Vigario_Calixto__1201_0.jpg https://contribua.org/bairros/oeste/liberdade/Avenida_Assis_Chateaubriand__1334__180.jpg"""
13618+2015-03-05T19:58:55.276525+517+43542+647++2015-03-05T19:58:55.276545+++"""Qual local lhe parece mais seguro? Left https://contribua.org/bairros/oeste/liberdade/Rua_Riachuelo__455__0.jpg https://contribua.org/bairros/oeste/catole/Rua_Inacio_Marques_da_Silva__434_270.jpg"""
13634+2015-03-05T20:44:12.696868+517+43450+646++2015-03-05T20:44:12.696902+++"""Qual local lhe parece mais seguro? Right https://contribua.org/bairros/oeste/liberdade/Rua_Santa_Catarina__1231__0.jpg https://contribua.org/bairros/oeste/liberdade/Rua_Padre_Pedro_Serrao__353__90.jpg"""
13505+2015-03-05T19:06:10.528767+517+43500+646++2015-03-05T19:06:10.528805+++"""Qual local lhe parece mais agrad%C3%A1vel? Right https://contribua.org/bairros/oeste/liberdade/Rua_Riachuelo__455__0.jpg https://contribua.org/bairros/norte/centro/Avenida_Barao_Rio_Branco__141_90.jpg"""
13516+2015-03-05T19:34:47.675166+517+43394+646++2015-03-05T19:34:47.675200+++"""Qual local lhe parece mais agrad%C3%A1vel? Right https://contribua.org/bairros/norte/centro/Rua_Pedro_Alvares_Cabral__129_90.jpg https://contribua.org/bairros/norte/centro/Avenida_Dom_Pedro_II__119_270.jpg"""
13527+2015-03-05T19:40:03.541517+517+43422+647++2015-03-05T19:40:03.541548+++"""Qual local lhe parece mais seguro? Left https://contribua.org/bairros/oeste/liberdade/Avenida_Assis_Chateaubriand__1334__0.jpg https://contribua.org/bairros/oeste/liberdade/Rua_Edesio_Silva__602__180.jpg"""
13576+2015-03-05T19:45:08.610770+517+43471+647++2015-03-05T19:45:08.610796+++"""Qual local lhe parece mais agrad%C3%A1vel? Left https://contribua.org/bairros/oeste/catole/Rua_Otacilio_Nepomuceno__76_0.jpg https://contribua.org/bairros/norte/centro/Avenida_Dom_Pedro_II__119_270.jpg"""
13585+2015-03-05T19:45:44.478659+517+43485+647++2015-03-05T19:45:44.478690+++"""Qual local lhe parece mais agrad%C3%A1vel? Left https://contribua.org/bairros/norte/centro/Avenida_Barao_Rio_Branco__141_270.jpg https://contribua.org/bairros/norte/centro/Avenida_Dom_Pedro_II__500_270.jpg"""
13512+2015-03-05T19:06:44.252430+517+43468+646++2015-03-05T19:06:44.252525+++"""Qual local lhe parece mais agrad%C3%A1vel? NotKnown https://contribua.org/bairros/norte/centro/Rua_Capitao_Joao_de_Sa__45__0.jpg https://contribua.org/bairros/norte/centro/Rua_Elias_Aforas__202_180.jpg"""
13600+2015-03-05T19:57:29.577060+517+43392+647++2015-03-05T19:57:29.577097+++"""Qual local lhe parece mais seguro? Right https://contribua.org/bairros/oeste/liberdade/Rua_Riachuelo__930__0.jpg https://contribua.org/bairros/oeste/liberdade/Rua_Severino_Pimentel__321__0.jpg"""
13633+2015-03-05T20:44:09.137761+517+43520+646++2015-03-05T20:44:09.137794+++"""Qual local lhe parece mais agrad%C3%A1vel? NotKnown https://contribua.org/bairros/oeste/catole/Avenida_Prefeito_Severino_Bezerra_Cabral__218_0.jpg https://contribua.org/bairros/norte/centro/Rua_Doutor_Severino_Cruz__411__270.jpg"""
13660+2015-03-05T20:56:46.647046+517+43454+646++2015-03-05T20:56:46.647063+++"""Qual local lhe parece mais seguro? Right https://contribua.org/bairros/oeste/liberdade/Rua_Severino_Pimentel__511_90.jpg https://contribua.org/bairros/oeste/liberdade/Rua_Odon_Bezerra__388__270.jpg"""
13701+2015-03-06T13:56:15.452761+517+43579+649++2015-03-06T13:56:15.452794+++"""{age=40|sex=Feminino|class=M\u00e9dia (R$ 2.900 a R$ 7.249,99)|educ=Gradua\u00e7\u00e3o|city=Campina Grande - Para\u00edba, Brasil|time=25|rel=Casado|neig=cen;cat} Qual local lhe parece mais agrad%C3%A1vel? Left https://contribua.org/bairros/oeste/liberdade/Rua_Severino_Pimentel__511_90.jpg https://contribua.org/bairros/norte/centro/Avenida_Presidente_Joao_Pessoa__128__90.jpg"""
13539+2015-03-05T19:42:12.958617+517+43390+647++2015-03-05T19:42:12.958650+++"""Qual local lhe parece mais agrad%C3%A1vel? Right https://contribua.org/bairros/norte/centro/Rua_Manoel_P._de_Araujo__370_180.jpg https://contribua.org/bairros/norte/centro/Avenida_Barao_Rio_Branco__141_90.jpg"""
13554+2015-03-05T19:43:14.811303+517+43424+647++2015-03-05T19:43:14.811335+++"""Qual local lhe parece mais agrad%C3%A1vel? Right https://contribua.org/bairros/oeste/catole/Rua_Vigario_Calixto__1201_180.jpg https://contribua.org/bairros/oeste/liberdade/Rua_Riachuelo__455__180.jpg"""
13598+2015-03-05T19:57:17.613474+517+43430+647++2015-03-05T19:57:17.613506+++"""Qual local lhe parece mais seguro? Left https://contribua.org/bairros/oeste/liberdade/Rua_Riachuelo__847__0.jpg https://contribua.org/bairros/oeste/liberdade/Rua_Odon_Bezerra__306_90.jpg"""
13543+2015-03-05T19:42:29.805192+517+43494+647++2015-03-05T19:42:29.805225+++"""Qual local lhe parece mais seguro? Right https://contribua.org/bairros/oeste/liberdade/Rua_Severino_Pimentel__511_270.jpg https://contribua.org/bairros/oeste/catole/Rua_Sebastiao_Vieira_da_Silva__1273__0.jpg"""
13546+2015-03-05T19:42:36.868144+517+43400+647++2015-03-05T19:42:36.868177+++"""Qual local lhe parece mais agrad%C3%A1vel? Right https://contribua.org/bairros/norte/centro/Rua_Manoel_P._de_Araujo__150_90.jpg https://contribua.org/bairros/norte/centro/Avenida_Barao_Rio_Branco__141_90.jpg"""
13552+2015-03-05T19:43:09.300195+517+43429+647++2015-03-05T19:43:09.300251+++"""Qual local lhe parece mais seguro? Left https://contribua.org/bairros/oeste/liberdade/Rua_Santa_Catarina__1231__0.jpg https://contribua.org/bairros/oeste/liberdade/Rua_Sergipe__1337_0.jpg"""
13555+2015-03-05T19:43:22.016769+517+43487+647++2015-03-05T19:43:22.016802+++"""Qual local lhe parece mais agrad%C3%A1vel? NotKnown https://contribua.org/bairros/oeste/liberdade/Rua_Riachuelo__847__0.jpg https://contribua.org/bairros/oeste/liberdade/Rua_Riachuelo__455__180.jpg"""
13568+2015-03-05T19:44:40.447310+517+43479+647++2015-03-05T19:44:40.447341+++"""Qual local lhe parece mais agrad%C3%A1vel? Right https://contribua.org/bairros/oeste/liberdade/Rua_Odon_Bezerra__147_270.jpg https://contribua.org/bairros/norte/centro/Avenida_Barao_Rio_Branco__141_90.jpg"""
13695+2015-03-06T13:53:22.539666+517+43477+649++2015-03-06T13:53:22.539682+++"""Qual local lhe parece mais agrad%C3%A1vel? NotKnown https://contribua.org/bairros/oeste/catole/Rua_Olegario_Mariano__139_180.jpg https://contribua.org/bairros/norte/centro/Avenida_Presidente_Getulio_Vargas__395__270.jpg"""
13625+2015-03-05T20:43:30.682071+517+43519+646++2015-03-05T20:43:30.682104+++"""Qual local lhe parece mais agrad%C3%A1vel? Right https://contribua.org/bairros/norte/centro/Rua_Doutor_Severino_Cruz__411__270.jpg https://contribua.org/bairros/norte/centro/Avenida_Barao_Rio_Branco__141_270.jpg"""
13643+2015-03-05T20:55:00.805345+517+43412+646++2015-03-05T20:55:00.805376+++"""Qual local lhe parece mais agrad%C3%A1vel? Left https://contribua.org/bairros/norte/centro/Avenida_Barao_Rio_Branco__141_270.jpg https://contribua.org/bairros/oeste/liberdade/Rua_Riachuelo__455__180.jpg"""
13646+2015-03-05T20:55:15.850253+517+43499+646++2015-03-05T20:55:15.850269+++"""Qual local lhe parece mais agrad%C3%A1vel? Right https://contribua.org/bairros/norte/centro/Rua_Augusto_Severo__71_0.jpg https://contribua.org/bairros/norte/centro/Avenida_Presidente_Getulio_Vargas__395__90.jpg"""
13698+2015-03-06T13:54:04.251742+517+43464+649++2015-03-06T13:54:04.251774+++"""Qual local lhe parece mais seguro? NotKnown https://contribua.org/bairros/oeste/liberdade/Rua_Riachuelo__455__0.jpg https://contribua.org/bairros/oeste/liberdade/Rua_Padre_Pedro_Serrao__336__270.jpg"""
13709+2015-03-06T15:16:53.647305+517+43476+649++2015-03-06T15:16:53.647337+++"""Qual local lhe parece mais seguro? NotKnown https://contribua.org/bairros/oeste/liberdade/Rua_Riachuelo__455__0.jpg https://contribua.org/bairros/oeste/liberdade/Rua_Severino_Pimentel__321__0.jpg"""
13733+2015-03-06T20:46:14.941253+517+43560+653++2015-03-06T20:46:14.941284+++"""Qual local lhe parece mais agrad%C3%A1vel? Left https://contribua.org/bairros/oeste/liberdade/Rua_Padre_Pedro_Serrao__353__90.jpg https://contribua.org/bairros/norte/centro/Avenida_Dom_Pedro_II__119_90.jpg"""
13745+2015-03-06T21:00:00.043510+517+43444+653++2015-03-06T21:00:00.043543+++"""Qual local lhe parece mais agrad%C3%A1vel? Left https://contribua.org/bairros/oeste/liberdade/Rua_Riachuelo__930__180.jpg https://contribua.org/bairros/norte/centro/Avenida_Dom_Pedro_II__119_270.jpg"""
13612+2015-03-05T19:58:25.271846+517+43441+647++2015-03-05T19:58:25.271880+++"""Qual local lhe parece mais agrad%C3%A1vel? Left https://contribua.org/bairros/oeste/catole/Rua_Doutor_Antonio_Telha__235_0.jpg https://contribua.org/bairros/norte/centro/Avenida_Presidente_Getulio_Vargas__271__90.jpg"""
13619+2015-03-05T19:58:59.263250+517+43589+647++2015-03-05T19:58:59.263284+++"""Qual local lhe parece mais seguro? Right https://contribua.org/bairros/oeste/liberdade/Rua_Espirito_Santo__1288__180.jpg https://contribua.org/bairros/oeste/catole/Rua_Olegario_Mariano__139_0.jpg"""
13653+2015-03-05T20:56:08.668870+517+43439+646++2015-03-05T20:56:08.668904+++"""Qual local lhe parece mais agrad%C3%A1vel? NotKnown https://contribua.org/bairros/norte/centro/Rua_Quebra_Quilos__399__270.jpg https://contribua.org/bairros/norte/centro/Avenida_Presidente_Getulio_Vargas__271__270.jpg"""
13699+2015-03-06T13:54:21.704326+517+43467+649++2015-03-06T13:54:21.704360+++"""Qual local lhe parece mais agrad%C3%A1vel? NotKnown https://contribua.org/bairros/norte/centro/Rua_Augusto_Severo__71_90.jpg https://contribua.org/bairros/norte/centro/Avenida_Presidente_Getulio_Vargas__271__270.jpg"""
13702+2015-03-06T13:56:20.333361+517+43470+649++2015-03-06T13:56:20.333377+++"""Qual local lhe parece mais seguro? NotKnown https://contribua.org/bairros/oeste/liberdade/Rua_Padre_Pedro_Serrao__207__270.jpg https://contribua.org/bairros/oeste/liberdade/Avenida_Assis_Chateaubriand__1334__0.jpg"""
13705+2015-03-06T15:16:31.957111+517+43466+649++2015-03-06T15:16:31.957128+++"""Qual local lhe parece mais agrad%C3%A1vel? Right https://contribua.org/bairros/norte/centro/Rua_Coronel_Salvino_Figueiredo__251_90.jpg https://contribua.org/bairros/norte/centro/Avenida_Dom_Pedro_II__500_270.jpg"""
13676+2015-03-06T01:53:00.984256+517+43560+537++2015-03-06T01:53:00.984290+++"""Qual local lhe parece mais agrad%C3%A1vel? Left https://contribua.org/bairros/oeste/liberdade/Rua_Padre_Pedro_Serrao__353__90.jpg https://contribua.org/bairros/norte/centro/Avenida_Dom_Pedro_II__119_90.jpg"""
13722+2015-03-06T19:49:22.835363+517+43588+652++2015-03-06T19:49:22.835394+++"""Qual local lhe parece mais seguro? Left https://contribua.org/bairros/oeste/liberdade/Rua_Padre_Pedro_Serrao__353__270.jpg https://contribua.org/bairros/oeste/catole/Rua_Inacio_Marques_da_Silva__434_270.jpg"""
13730+2015-03-06T20:45:22.080124+517+43566+653++2015-03-06T20:45:22.080155+++"""Qual local lhe parece mais agrad%C3%A1vel? Right https://contribua.org/bairros/oeste/liberdade/Rua_Padre_Pedro_Serrao__207__90.jpg https://contribua.org/bairros/norte/centro/Avenida_Barao_Rio_Branco__141_270.jpg"""
13828+2015-03-07T06:37:15.518469+517+43496+654++2015-03-07T06:37:15.518501+++"""Qual local lhe parece mais agrad%C3%A1vel? Right https://contribua.org/bairros/oeste/catole/Rua_Cristina_Procopio_da_Silva__62__270.jpg https://contribua.org/bairros/oeste/liberdade/Rua_Riachuelo__455__180.jpg"""
13868+2015-03-07T06:44:09.436407+517+43711+654++2015-03-07T06:44:09.436440+++"""Qual local lhe parece mais seguro? Left https://contribua.org/bairros/oeste/catole/Rua_Doutor_Antonio_Telha_-_Catole__Campina_Grande__90.jpg https://contribua.org/bairros/oeste/catole/Rua_Aluisio_Cunha_Linha__50__90.jpg"""
13640+2015-03-05T20:54:02.961532+517+43479+646++2015-03-05T20:54:02.961564+++"""Qual local lhe parece mais agrad%C3%A1vel? NotKnown https://contribua.org/bairros/oeste/liberdade/Rua_Odon_Bezerra__147_270.jpg https://contribua.org/bairros/norte/centro/Avenida_Barao_Rio_Branco__141_90.jpg"""
13655+2015-03-05T20:56:16.685127+517+43549+646++2015-03-05T20:56:16.685162+++"""Qual local lhe parece mais agrad%C3%A1vel? Left https://contribua.org/bairros/oeste/catole/Avenida_Prefeito_Severino_Bezerra_Cabral__218_90.jpg https://contribua.org/bairros/norte/centro/Rua_Capitao_Joao_de_Sa__45__180.jpg"""
13661+2015-03-05T20:56:54.563013+517+43528+646++2015-03-05T20:56:54.563047+++"""Qual local lhe parece mais agrad%C3%A1vel? Left https://contribua.org/bairros/norte/centro/Rua_Doutor_Severino_Cruz__411__90.jpg https://contribua.org/bairros/norte/centro/Avenida_Barao_Rio_Branco__141_270.jpg"""
13696+2015-03-06T13:53:39.753642+517+43503+649++2015-03-06T13:53:39.753675+++"""Qual local lhe parece mais agrad%C3%A1vel? NotKnown https://contribua.org/bairros/norte/centro/Rua_Pedro_Alvares_Cabral__129_180.jpg https://contribua.org/bairros/norte/centro/Avenida_Dom_Pedro_II__119_270.jpg"""
13718+2015-03-06T19:48:48.725972+517+43550+652++2015-03-06T19:48:48.726005+++"""Qual local lhe parece mais agrad%C3%A1vel? Right https://contribua.org/bairros/oeste/catole/Rua_Doutor_Antonio_Telha__235_180.jpg https://contribua.org/bairros/norte/centro/Rua_Doutor_Severino_Cruz__411__270.jpg"""
13721+2015-03-06T19:49:07.046426+517+43576+652++2015-03-06T19:49:07.046458+++"""Qual local lhe parece mais seguro? NotKnown https://contribua.org/bairros/oeste/liberdade/Rua_Sergipe__1337_90.jpg https://contribua.org/bairros/oeste/catole/Rua_Aluisio_Cunha_Linha__50__270.jpg"""
13752+2015-03-06T21:02:18.606890+517+43596+537++2015-03-06T21:02:18.606926+++"""Qual local lhe parece mais agrad%C3%A1vel? Right https://contribua.org/bairros/norte/centro/Rua_Manoel_P._de_Araujo__370_180.jpg https://contribua.org/bairros/norte/centro/Avenida_Presidente_Joao_Pessoa__128__180.jpg"""
13775+2015-03-07T06:23:41.963034+517+43498+654++2015-03-07T06:23:41.963065+++"""{age=43|sex=Feminino|class=M\u00e9dia (R$ 2.900 a R$ 7.249,99)|educ=Gradua\u00e7\u00e3o|city=Campina Grande - Para\u00edba, Brasil|time=43|rel=Casado|neig=} Qual local lhe parece mais agrad%C3%A1vel? Right https://contribua.org/bairros/oeste/liberdade/Rua_Severino_Pimentel__321__180.jpg https://contribua.org/bairros/oeste/liberdade/Rua_Riachuelo__455__180.jpg"""
13694+2015-03-06T13:53:09.159262+517+43533+649++2015-03-06T13:53:09.159295+++"""Qual local lhe parece mais seguro? NotKnown https://contribua.org/bairros/oeste/catole/Rua_Luisa_Bezerra_Mota__246_270.jpg https://contribua.org/bairros/oeste/catole/Rua_Aluisio_Cunha_Linha__50__90.jpg"""
13704+2015-03-06T13:56:50.511880+517+43565+649++2015-03-06T13:56:50.511913+++"""Qual local lhe parece mais seguro? NotKnown https://contribua.org/bairros/oeste/liberdade/Rua_Padre_Pedro_Serrao__353__90.jpg https://contribua.org/bairros/oeste/catole/Rua_Cristina_Procopio_da_Silva__62__90.jpg"""
13708+2015-03-06T15:16:48.080881+517+43584+649++2015-03-06T15:16:48.080915+++"""Qual local lhe parece mais seguro? NotKnown https://contribua.org/bairros/oeste/liberdade/Rua_Sergipe__1337_0.jpg https://contribua.org/bairros/oeste/catole/Avenida_Prefeito_Severino_Bezerra_Cabral__218_90.jpg"""
13720+2015-03-06T19:49:03.409827+517+43539+652++2015-03-06T19:49:03.409866+++"""Qual local lhe parece mais agrad%C3%A1vel? Left https://contribua.org/bairros/oeste/liberdade/Rua_Acre__635_270.jpg https://contribua.org/bairros/norte/centro/Rua_Capitao_Joao_de_Sa__45__180.jpg"""
13728+2015-03-06T20:45:03.433815+517+43483+653++2015-03-06T20:45:03.433848+++"""Qual local lhe parece mais seguro? Right https://contribua.org/bairros/oeste/liberdade/Rua_Sergipe__1337_90.jpg https://contribua.org/bairros/oeste/catole/Rua_Vigario_Calixto__1201_180.jpg"""
13737+2015-03-06T20:53:33.503927+517+43524+653++2015-03-06T20:53:33.503961+++"""Qual local lhe parece mais agrad%C3%A1vel? Left https://contribua.org/bairros/oeste/liberdade/Rua_Espirito_Santo__1288__180.jpg https://contribua.org/bairros/norte/centro/Avenida_Presidente_Joao_Pessoa__128__90.jpg"""
13711+2015-03-06T15:17:05.571373+517+43418+649++2015-03-06T15:17:05.571403+++"""Qual local lhe parece mais seguro? NotKnown https://contribua.org/bairros/oeste/liberdade/Rua_Padre_Pedro_Serrao__353__90.jpg https://contribua.org/bairros/oeste/catole/Rua_Vigario_Calixto__1201_180.jpg"""
13820+2015-03-07T06:32:49.939961+517+43601+654++2015-03-07T06:32:49.939992+++"""Qual local lhe parece mais seguro? Right https://contribua.org/bairros/oeste/liberdade/Rua_Odon_Bezerra__306_270.jpg https://contribua.org/bairros/oeste/catole/Rua_Doutor_Antonio_Telha_-_Catole__Campina_Grande__90.jpg"""
13850+2015-03-07T06:41:03.594137+517+43583+654++2015-03-07T06:41:03.594169+++"""Qual local lhe parece mais agrad%C3%A1vel? Left https://contribua.org/bairros/norte/centro/Avenida_Barao_Rio_Branco__141_270.jpg https://contribua.org/bairros/norte/centro/Avenida_Presidente_Joao_Pessoa__128__90.jpg"""
13853+2015-03-07T06:41:18.588588+517+43699+654++2015-03-07T06:41:18.588620+++"""Qual local lhe parece mais seguro? Left https://contribua.org/bairros/oeste/liberdade/Rua_Odon_Bezerra__147_90.jpg https://contribua.org/bairros/oeste/catole/Rua_Honorio_de_Melo__240__90.jpg"""
13856+2015-03-07T06:41:49.991891+517+43575+654++2015-03-07T06:41:49.991923+++"""Qual local lhe parece mais agrad%C3%A1vel? Right https://contribua.org/bairros/oeste/liberdade/Rua_Riachuelo__455__0.jpg https://contribua.org/bairros/norte/centro/Avenida_Dom_Pedro_II__500_270.jpg"""
13714+2015-03-06T19:48:10.182885+517+43571+652++2015-03-06T19:48:10.182918+++"""Qual local lhe parece mais agrad%C3%A1vel? NotKnown https://contribua.org/bairros/norte/centro/Avenida_Dom_Pedro_II__119_90.jpg https://contribua.org/bairros/norte/centro/Avenida_Presidente_Joao_Pessoa__128__90.jpg"""
13783+2015-03-07T06:24:28.076611+517+43543+654++2015-03-07T06:24:28.076643+++"""Qual local lhe parece mais seguro? Right https://contribua.org/bairros/oeste/liberdade/Rua_Odon_Bezerra__306_90.jpg https://contribua.org/bairros/oeste/catole/Rua_Cristina_Procopio_da_Silva__62__90.jpg"""
13942+2015-03-07T18:55:26.481631+517+43583+655++2015-03-07T18:55:26.481664+++"""Qual local lhe parece mais agrad%C3%A1vel? Left https://contribua.org/bairros/norte/centro/Avenida_Barao_Rio_Branco__141_270.jpg https://contribua.org/bairros/norte/centro/Avenida_Presidente_Joao_Pessoa__128__90.jpg"""
13716+2015-03-06T19:48:29.835159+517+43529+652++2015-03-06T19:48:29.835192+++"""Qual local lhe parece mais seguro? Right https://contribua.org/bairros/oeste/catole/Rua_Vigario_Calixto__1201_0.jpg https://contribua.org/bairros/oeste/catole/Rua_Luisa_Bezerra_Mota__246_90.jpg"""
13763+2015-03-06T21:02:49.403623+517+43461+537++2015-03-06T21:02:49.403656+++"""Qual local lhe parece mais agrad%C3%A1vel? Right https://contribua.org/bairros/oeste/liberdade/Rua_Riachuelo__847__180.jpg https://contribua.org/bairros/norte/centro/Avenida_Presidente_Getulio_Vargas__395__90.jpg"""
13773+2015-03-07T06:22:36.297270+517+43581+654++2015-03-07T06:22:36.297307+++"""Qual local lhe parece mais seguro? Right https://contribua.org/bairros/oeste/catole/Rua_Doutor_Antonio_Telha_-_Catole__Campina_Grande__90.jpg https://contribua.org/bairros/norte/centro/Rua_Manoel_P._de_Araujo__150_90.jpg"""
13901+2015-03-07T07:22:19.803066+517+43654+654++2015-03-07T07:22:19.803099+++"""Qual local lhe parece mais agrad%C3%A1vel? Right https://contribua.org/bairros/oeste/liberdade/Rua_Edesio_Silva__602__180.jpg https://contribua.org/bairros/norte/centro/Avenida_Presidente_Getulio_Vargas__210__180.jpg"""
13759+2015-03-06T21:02:35.761983+517+43557+537++2015-03-06T21:02:35.762017+++"""Qual local lhe parece mais seguro? Left https://contribua.org/bairros/oeste/catole/Rua_Doutor_Antonio_Telha_-_Catole__Campina_Grande__90.jpg https://contribua.org/bairros/oeste/catole/Rua_Inacio_Marques_da_Silva__434_90.jpg"""
13766+2015-03-07T06:21:06.346742+517+43445+654++2015-03-07T06:21:06.346776+++"""Qual local lhe parece mais seguro? Right https://contribua.org/bairros/oeste/liberdade/Rua_Severino_Pimentel__511_90.jpg https://contribua.org/bairros/oeste/liberdade/Rua_Riachuelo__930__0.jpg"""
13784+2015-03-07T06:24:40.495103+517+43629+654++2015-03-07T06:24:40.495137+++"""Qual local lhe parece mais seguro? Left https://contribua.org/bairros/oeste/liberdade/Rua_Odon_Bezerra__306_270.jpg https://contribua.org/bairros/oeste/catole/Rua_Luisa_Bezerra_Mota__246_90.jpg"""
13785+2015-03-07T06:25:11.500904+517+43612+654++2015-03-07T06:25:11.500939+++"""{age=43|sex=Feminino|class=M\u00e9dia (R$ 2.900 a R$ 7.249,99)|educ=Gradua\u00e7\u00e3o|city=Campina Grande - Para\u00edba, Brasil|time=43|rel=Casado|neig=cen;lib;cat} Qual local lhe parece mais agrad%C3%A1vel? Left https://contribua.org/bairros/oeste/liberdade/Rua_Padre_Pedro_Serrao__336__270.jpg https://contribua.org/bairros/norte/centro/Rua_Augusto_Severo__71_90.jpg"""
13804+2015-03-07T06:27:51.272430+517+43443+654++2015-03-07T06:27:51.272552+++"""Qual local lhe parece mais agrad%C3%A1vel? Left https://contribua.org/bairros/norte/centro/Rua_Joao_da_Mata__490_270.jpg https://contribua.org/bairros/norte/centro/Rua_Elias_Aforas__202_180.jpg"""
13807+2015-03-07T06:28:28.596593+517+43638+654++2015-03-07T06:28:28.596627+++"""Qual local lhe parece mais agrad%C3%A1vel? Left https://contribua.org/bairros/norte/centro/Rua_Joao_da_Mata__490_90.jpg https://contribua.org/bairros/norte/centro/Rua_Doutor_Severino_Cruz__411__270.jpg"""
13772+2015-03-07T06:22:19.289376+517+43586+654++2015-03-07T06:22:19.289408+++"""Qual local lhe parece mais seguro? Right https://contribua.org/bairros/oeste/catole/Rua_Joao_Francisco_Mota__64__270.jpg https://contribua.org/bairros/norte/centro/Rua_Manoel_P._de_Araujo__150_90.jpg"""
13790+2015-03-07T06:25:41.778958+517+43580+654++2015-03-07T06:25:41.778989+++"""Qual local lhe parece mais seguro? Right https://contribua.org/bairros/oeste/liberdade/Rua_Santa_Catarina__1231__180.jpg https://contribua.org/bairros/oeste/catole/Rua_Luisa_Bezerra_Mota__246_270.jpg"""
13836+2015-03-07T06:38:28.188278+517+43508+654++2015-03-07T06:38:28.188311+++"""Qual local lhe parece mais seguro? Left https://contribua.org/bairros/oeste/liberdade/Rua_Riachuelo__930__0.jpg https://contribua.org/bairros/oeste/liberdade/Rua_Riachuelo__455__0.jpg"""
13873+2015-03-07T06:45:17.437493+517+43723+654++2015-03-07T06:45:17.437525+++"""Qual local lhe parece mais agrad%C3%A1vel? Right https://contribua.org/bairros/oeste/liberdade/Rua_Santa_Catarina__1231__180.jpg https://contribua.org/bairros/norte/centro/Rua_Doutor_Severino_Cruz__411__270.jpg"""
13898+2015-03-07T07:21:53.183212+517+43698+654++2015-03-07T07:21:53.183243+++"""Qual local lhe parece mais agrad%C3%A1vel? Left https://contribua.org/bairros/norte/centro/Rua_Pedro_Alvares_Cabral__129_180.jpg https://contribua.org/bairros/norte/centro/Avenida_Dom_Pedro_II__500_270.jpg"""
13936+2015-03-07T16:20:48.897957+517+43640+654++2015-03-07T16:20:48.897988+++"""Qual local lhe parece mais seguro? Right https://contribua.org/bairros/oeste/catole/Rua_Sebastiao_Vieira_da_Silva__1273__180.jpg https://contribua.org/bairros/norte/centro/Rua_Manoel_P._de_Araujo__150_90.jpg"""
15059+2015-03-23T15:12:18.336395+517+44207+679++2015-03-23T15:12:18.336414+++"""Qual local lhe parece mais seguro? Right https://contribua.org/bairros/oeste/liberdade/Rua_Odon_Bezerra__147_90.jpg https://contribua.org/bairros/oeste/catole/Rua_Doutor_Antonio_Telha_-_Catole__Campina_Grande__270.jpg"""
13798+2015-03-07T06:27:13.138648+517+43609+654++2015-03-07T06:27:13.138684+++"""Qual local lhe parece mais agrad%C3%A1vel? Left https://contribua.org/bairros/oeste/catole/Rua_Joao_Francisco_Mota__64__90.jpg https://contribua.org/bairros/norte/centro/Avenida_Presidente_Getulio_Vargas__210__180.jpg"""
13813+2015-03-07T06:31:39.214416+517+43619+654++2015-03-07T06:31:39.214449+++"""Qual local lhe parece mais agrad%C3%A1vel? Left https://contribua.org/bairros/oeste/catole/Avenida_Prefeito_Severino_Bezerra_Cabral__218_0.jpg https://contribua.org/bairros/norte/centro/Rua_Capitao_Joao_de_Sa__45__180.jpg"""
13834+2015-03-07T06:38:11.164415+517+43574+654++2015-03-07T06:38:11.164515+++"""Qual local lhe parece mais seguro? Left https://contribua.org/bairros/oeste/liberdade/Rua_Acre__635_90.jpg https://contribua.org/bairros/oeste/catole/Rua_Luisa_Bezerra_Mota__246_90.jpg"""
13857+2015-03-07T06:42:16.750045+517+43690+654++2015-03-07T06:42:16.750077+++"""Qual local lhe parece mais seguro? Left https://contribua.org/bairros/oeste/liberdade/Rua_Odon_Bezerra__306_270.jpg https://contribua.org/bairros/oeste/catole/Rua_Olegario_Mariano__139_0.jpg"""
13870+2015-03-07T06:44:56.073194+517+43614+654++2015-03-07T06:44:56.073233+++"""Qual local lhe parece mais agrad%C3%A1vel? NotKnown https://contribua.org/bairros/oeste/liberdade/Rua_Acre__635_270.jpg https://contribua.org/bairros/norte/centro/Rua_Augusto_Severo__71_90.jpg"""
15083+2015-03-23T16:29:01.987100+517+44199+681++2015-03-23T16:29:01.987133+++"""Qual local lhe parece mais agrad%C3%A1vel? Left https://contribua.org/bairros/oeste/catole/Rua_Olegario_Mariano__139_270.jpg https://contribua.org/bairros/norte/centro/Avenida_Dom_Pedro_II__500_90.jpg"""
15098+2015-03-23T16:32:18.431399+517+44217+681++2015-03-23T16:32:18.431432+++"""Qual local lhe parece mais agrad%C3%A1vel? Right https://contribua.org/bairros/oeste/liberdade/Rua_Odon_Bezerra__147_270.jpg https://contribua.org/bairros/norte/centro/Rua_Coronel_Salvino_Figueiredo__251_270.jpg"""
15101+2015-03-23T16:32:37.834081+517+44257+681++2015-03-23T16:32:37.834116+++"""Qual local lhe parece mais agrad%C3%A1vel? Left https://contribua.org/bairros/oeste/liberdade/Rua_Severino_Pimentel__439__180.jpg https://contribua.org/bairros/norte/centro/Rua_Coronel_Salvino_Figueiredo__251_90.jpg"""
13874+2015-03-07T06:45:57.095667+517+43666+654++2015-03-07T06:45:57.095701+++"""Qual local lhe parece mais seguro? Right https://contribua.org/bairros/oeste/catole/Rua_Sebastiao_Vieira_da_Silva__1273__180.jpg https://contribua.org/bairros/oeste/catole/Rua_Cristina_Procopio_da_Silva__62__90.jpg"""
13892+2015-03-07T07:21:04.362871+517+43697+654++2015-03-07T07:21:04.362905+++"""Qual local lhe parece mais agrad%C3%A1vel? Left https://contribua.org/bairros/oeste/catole/Rua_Otacilio_Nepomuceno__76_0.jpg https://contribua.org/bairros/norte/centro/Avenida_Dom_Pedro_II__119_90.jpg"""
13894+2015-03-07T07:21:14.317442+517+43745+654++2015-03-07T07:21:14.317477+++"""Qual local lhe parece mais agrad%C3%A1vel? Left https://contribua.org/bairros/oeste/liberdade/Rua_Severino_Pimentel__321__180.jpg https://contribua.org/bairros/norte/centro/Avenida_Dom_Pedro_II__119_90.jpg"""
13860+2015-03-07T06:43:00.284060+517+43652+654++2015-03-07T06:43:00.284092+++"""Qual local lhe parece mais agrad%C3%A1vel? Right https://contribua.org/bairros/oeste/catole/Rua_Aluisio_Cunha_Linha__50__90.jpg https://contribua.org/bairros/norte/centro/Avenida_Presidente_Joao_Pessoa__128__90.jpg"""
13867+2015-03-07T06:44:01.823526+517+43680+654++2015-03-07T06:44:01.823559+++"""Qual local lhe parece mais seguro? Left https://contribua.org/bairros/oeste/liberdade/Rua_Odon_Bezerra__388__270.jpg https://contribua.org/bairros/oeste/catole/Avenida_Prefeito_Severino_Bezerra_Cabral__218_90.jpg"""
13944+2015-03-07T18:55:47.989499+517+43581+655++2015-03-07T18:55:47.989532+++"""Qual local lhe parece mais seguro? Right https://contribua.org/bairros/oeste/catole/Rua_Doutor_Antonio_Telha_-_Catole__Campina_Grande__90.jpg https://contribua.org/bairros/norte/centro/Rua_Manoel_P._de_Araujo__150_90.jpg"""
13876+2015-03-07T07:18:26.764273+517+43718+654++2015-03-07T07:18:26.764306+++"""Qual local lhe parece mais agrad%C3%A1vel? Right https://contribua.org/bairros/oeste/catole/Rua_Vigario_Calixto__1201_0.jpg https://contribua.org/bairros/norte/centro/Avenida_Presidente_Joao_Pessoa__128__90.jpg"""
13972+2015-03-07T19:01:33.095996+517+43488+655++2015-03-07T19:01:33.096028+++"""Qual local lhe parece mais seguro? Right https://contribua.org/bairros/oeste/liberdade/Rua_Riachuelo__455__0.jpg https://contribua.org/bairros/oeste/liberdade/Rua_Padre_Pedro_Serrao__336__90.jpg"""
13983+2015-03-07T19:02:56.266205+517+43652+655++2015-03-07T19:02:56.266236+++"""Qual local lhe parece mais agrad%C3%A1vel? Left https://contribua.org/bairros/oeste/catole/Rua_Aluisio_Cunha_Linha__50__90.jpg https://contribua.org/bairros/norte/centro/Avenida_Presidente_Joao_Pessoa__128__90.jpg"""
15090+2015-03-23T16:31:08.147878+517+44167+681++2015-03-23T16:31:08.147910+++"""Qual local lhe parece mais agrad%C3%A1vel? Left https://contribua.org/bairros/oeste/liberdade/Rua_Severino_Pimentel__439__180.jpg https://contribua.org/bairros/norte/centro/Rua_Elias_Aforas__202_0.jpg"""
15092+2015-03-23T16:31:19.236931+517+44054+681++2015-03-23T16:31:19.236947+++"""Qual local lhe parece mais agrad%C3%A1vel? NotKnown https://contribua.org/bairros/norte/centro/Rua_Pedro_Alvares_Cabral__129_180.jpg https://contribua.org/bairros/norte/centro/Rua_Augusto_Severo__71_0.jpg"""
15138+2015-03-23T16:50:27.692075+517+44173+683++2015-03-23T16:50:27.692091+++"""Qual local lhe parece mais seguro? Right https://contribua.org/bairros/oeste/catole/Rua_Sebastiao_Vieira_da_Silva__1273__180.jpg https://contribua.org/bairros/norte/centro/Rua_Pedro_Alvares_Cabral__129_180.jpg"""
13928+2015-03-07T16:19:55.859504+517+43604+654++2015-03-07T16:19:55.859536+++"""Qual local lhe parece mais seguro? Right https://contribua.org/bairros/oeste/liberdade/Rua_Edesio_Silva__602__180.jpg https://contribua.org/bairros/oeste/catole/Rua_Inacio_Marques_da_Silva__434_90.jpg"""
13953+2015-03-07T18:58:15.055106+517+43632+655++2015-03-07T18:58:15.055140+++"""{age=33|sex=Feminino|class=M\u00e9dia (R$ 2.900 a R$ 7.249,99)|educ=Gradua\u00e7\u00e3o|city=Campina Grande - Para\u00edba, Brasil|time=10|rel=Casado|neig=} Qual local lhe parece mais seguro? Right https://contribua.org/bairros/oeste/liberdade/Rua_Riachuelo__847__180.jpg https://contribua.org/bairros/oeste/catole/Rua_Luisa_Bezerra_Mota__246_270.jpg"""
15100+2015-03-23T16:32:32.774544+517+44252+681++2015-03-23T16:32:32.774576+++"""Qual local lhe parece mais agrad%C3%A1vel? NotKnown https://contribua.org/bairros/oeste/liberdade/Rua_Odon_Bezerra__306_90.jpg https://contribua.org/bairros/norte/centro/Rua_Elias_Aforas__202_0.jpg"""
15147+2015-03-23T16:51:36.089179+517+44214+682++2015-03-23T16:51:36.089195+++"""Qual local lhe parece mais seguro? Right https://contribua.org/bairros/oeste/liberdade/Rua_Edesio_Silva__602__0.jpg https://contribua.org/bairros/norte/centro/Rua_Quebra_Quilos__399__270.jpg"""
13937+2015-03-07T16:20:51.449378+517+43704+654++2015-03-07T16:20:51.449410+++"""Qual local lhe parece mais seguro? Right https://contribua.org/bairros/oeste/liberdade/Rua_Padre_Pedro_Serrao__336__90.jpg https://contribua.org/bairros/oeste/catole/Rua_Cristina_Procopio_da_Silva__62__90.jpg"""
13948+2015-03-07T18:56:16.759846+517+43659+655++2015-03-07T18:56:16.759882+++"""Qual local lhe parece mais agrad%C3%A1vel? Left https://contribua.org/bairros/oeste/catole/Rua_Olegario_Mariano__139_90.jpg https://contribua.org/bairros/norte/centro/Rua_Capitao_Joao_de_Sa__45__180.jpg"""
13964+2015-03-07T19:00:41.456728+517+43595+655++2015-03-07T19:00:41.456763+++"""Qual local lhe parece mais agrad%C3%A1vel? Left https://contribua.org/bairros/norte/centro/Rua_Manoel_P._de_Araujo__150_90.jpg https://contribua.org/bairros/norte/centro/Rua_Capitao_Joao_de_Sa__45__180.jpg"""
13982+2015-03-07T19:02:48.007718+517+43686+655++2015-03-07T19:02:48.007750+++"""Qual local lhe parece mais agrad%C3%A1vel? Left https://contribua.org/bairros/oeste/catole/Rua_Doutor_Antonio_Telha_-_Catole__Campina_Grande__90.jpg https://contribua.org/bairros/norte/centro/Rua_Doutor_Severino_Cruz__411__270.jpg"""
15108+2015-03-23T16:33:13.816911+517+44153+681++2015-03-23T16:33:13.816943+++"""Qual local lhe parece mais seguro? Left https://contribua.org/bairros/oeste/catole/Rua_Cristina_Procopio_da_Silva__62__90.jpg https://contribua.org/bairros/oeste/catole/Rua_Cristina_Procopio_da_Silva__62__270.jpg"""
15144+2015-03-23T16:51:03.263406+517+44268+683++2015-03-23T16:51:03.263439+++"""Qual local lhe parece mais seguro? Right https://contribua.org/bairros/oeste/liberdade/Avenida_Assis_Chateaubriand__1334__0.jpg https://contribua.org/bairros/norte/centro/Rua_Quebra_Quilos__399__90.jpg"""
15161+2015-03-23T16:52:20.328619+517+44243+683++2015-03-23T16:52:20.328651+++"""Qual local lhe parece mais agrad%C3%A1vel? Left https://contribua.org/bairros/norte/centro/Rua_Coronel_Salvino_Figueiredo__251_270.jpg https://contribua.org/bairros/norte/centro/Rua_Elias_Aforas__67__180.jpg"""
13954+2015-03-07T18:58:21.633272+517+43618+655++2015-03-07T18:58:21.633307+++"""Qual local lhe parece mais seguro? Right https://contribua.org/bairros/oeste/liberdade/Rua_Sergipe__1337_0.jpg https://contribua.org/bairros/oeste/catole/Rua_Cristina_Procopio_da_Silva__62__90.jpg"""
13970+2015-03-07T19:01:23.900777+517+43677+655++2015-03-07T19:01:23.900816+++"""Qual local lhe parece mais agrad%C3%A1vel? Right https://contribua.org/bairros/oeste/catole/Rua_Cristina_Procopio_da_Silva__62__270.jpg https://contribua.org/bairros/norte/centro/Avenida_Presidente_Getulio_Vargas__210__180.jpg"""
13973+2015-03-07T19:01:42.679474+517+43592+655++2015-03-07T19:01:42.679508+++"""Qual local lhe parece mais seguro? Left https://contribua.org/bairros/oeste/liberdade/Rua_Riachuelo__847__0.jpg https://contribua.org/bairros/oeste/catole/Rua_Inacio_Marques_da_Silva__434_270.jpg"""
15112+2015-03-23T16:33:38.403585+517+44210+681++2015-03-23T16:33:38.403601+++"""Qual local lhe parece mais agrad%C3%A1vel? Left https://contribua.org/bairros/oeste/liberdade/Rua_Riachuelo__847__0.jpg https://contribua.org/bairros/norte/centro/Rua_Coronel_Salvino_Figueiredo__251_270.jpg"""
15150+2015-03-23T16:51:53.821317+517+44240+683++2015-03-23T16:51:53.821349+++"""{age=18|sex=Masculino|class=Baixa (at\u00e9 R$ 1.449,99)|educ=Ensino M\u00e9dio|city=S\u00e3o Sebasti\u00e3o de Lagoa de Ro\u00e7a, Para\u00edba, Brasil|time=18|rel=Solteiro|neig=} Qual local lhe parece mais agrad%C3%A1vel? Left https://contribua.org/bairros/oeste/liberdade/Rua_Sergipe__1337_0.jpg https://contribua.org/bairros/norte/centro/Avenida_Presidente_Getulio_Vargas__210__0.jpg"""
15152+2015-03-23T16:52:00.630378+517+44235+683++2015-03-23T16:52:00.630411+++"""Qual local lhe parece mais agrad%C3%A1vel? Right https://contribua.org/bairros/norte/centro/Rua_Felix_Araujo__48__90.jpg https://contribua.org/bairros/norte/centro/Rua_Elias_Aforas__67__0.jpg"""
15202+2015-03-23T17:51:48.799591+517+44181+684++2015-03-23T17:51:48.799626+++"""Qual local lhe parece mais seguro? Right https://contribua.org/bairros/oeste/catole/Rua_Luisa_Bezerra_Mota__246_90.jpg https://contribua.org/bairros/oeste/catole/Rua_Joao_Francisco_Mota__64__90.jpg"""
15214+2015-03-23T17:58:01.694356+517+44060+684++2015-03-23T17:58:01.694390+++"""Qual local lhe parece mais seguro? Right https://contribua.org/bairros/oeste/liberdade/Avenida_Assis_Chateaubriand__1334__180.jpg https://contribua.org/bairros/oeste/catole/Rua_Doutor_Antonio_Telha__235_0.jpg"""
15215+2015-03-23T17:58:25.624250+517+44236+684++2015-03-23T17:58:25.624282+++"""Qual local lhe parece mais seguro? Left https://contribua.org/bairros/oeste/catole/Rua_Luisa_Bezerra_Mota__246_270.jpg https://contribua.org/bairros/oeste/catole/Rua_Doutor_Antonio_Telha__235_0.jpg"""
15233+2015-03-23T18:06:47.159222+517+44301+684++2015-03-23T18:06:47.159255+++"""Qual local lhe parece mais seguro? Right https://contribua.org/bairros/oeste/liberdade/Rua_Odon_Bezerra__306_90.jpg https://contribua.org/bairros/oeste/catole/Rua_Honorio_de_Melo__240__270.jpg"""
15122+2015-03-23T16:34:58.162301+517+44080+681++2015-03-23T16:34:58.162335+++"""Qual local lhe parece mais agrad%C3%A1vel? NotKnown https://contribua.org/bairros/norte/centro/Rua_Elias_Aforas__202_0.jpg https://contribua.org/bairros/norte/centro/Rua_Augusto_Severo__71_0.jpg"""
15124+2015-03-23T16:35:11.261814+517+44242+681++2015-03-23T16:35:11.261847+++"""Qual local lhe parece mais seguro? Left https://contribua.org/bairros/oeste/liberdade/Rua_Sergipe__1337_0.jpg https://contribua.org/bairros/norte/centro/Rua_Pedro_Alvares_Cabral__129_90.jpg"""
15154+2015-03-23T16:52:04.140324+517+44192+683++2015-03-23T16:52:04.140356+++"""Qual local lhe parece mais agrad%C3%A1vel? Right https://contribua.org/bairros/oeste/catole/Rua_Sebastiao_Vieira_da_Silva__1273__180.jpg https://contribua.org/bairros/norte/centro/Avenida_Presidente_Getulio_Vargas__210__0.jpg"""
15155+2015-03-23T16:52:09.334331+517+44204+683++2015-03-23T16:52:09.334364+++"""Qual local lhe parece mais agrad%C3%A1vel? Right https://contribua.org/bairros/oeste/liberdade/Rua_Riachuelo__847__0.jpg https://contribua.org/bairros/norte/centro/Rua_Elias_Aforas__202_0.jpg"""
13977+2015-03-07T19:02:15.652802+517+43629+655++2015-03-07T19:02:15.652836+++"""Qual local lhe parece mais seguro? Left https://contribua.org/bairros/oeste/liberdade/Rua_Odon_Bezerra__306_270.jpg https://contribua.org/bairros/oeste/catole/Rua_Luisa_Bezerra_Mota__246_90.jpg"""
13981+2015-03-07T19:02:40.779879+517+43627+655++2015-03-07T19:02:40.779911+++"""Qual local lhe parece mais agrad%C3%A1vel? Left https://contribua.org/bairros/oeste/liberdade/Rua_Acre__635_270.jpg https://contribua.org/bairros/norte/centro/Avenida_Presidente_Joao_Pessoa__128__180.jpg"""
13985+2015-03-07T19:03:19.415505+517+43623+655++2015-03-07T19:03:19.415540+++"""Qual local lhe parece mais agrad%C3%A1vel? Right https://contribua.org/bairros/oeste/catole/Rua_Cristina_Procopio_da_Silva__62__270.jpg https://contribua.org/bairros/norte/centro/Rua_Augusto_Severo__71_90.jpg"""
15193+2015-03-23T16:55:18.017618+517+44292+682++2015-03-23T16:55:18.017651+++"""Qual local lhe parece mais seguro? Right https://contribua.org/bairros/oeste/liberdade/Rua_Padre_Pedro_Serrao__353__270.jpg https://contribua.org/bairros/norte/centro/Rua_Pedro_Alvares_Cabral__129_90.jpg"""
15197+2015-03-23T17:49:43.332257+517+44261+684++2015-03-23T17:49:43.332289+++"""Qual local lhe parece mais agrad%C3%A1vel? Right https://contribua.org/bairros/oeste/liberdade/Rua_Espirito_Santo__1288__180.jpg https://contribua.org/bairros/norte/centro/Rua_Coronel_Salvino_Figueiredo__251_90.jpg"""
15209+2015-03-23T17:56:11.728541+517+44288+684++2015-03-23T17:56:11.728580+++"""Qual local lhe parece mais agrad%C3%A1vel? Right https://contribua.org/bairros/oeste/catole/Rua_Aluisio_Cunha_Linha__50__90.jpg https://contribua.org/bairros/norte/centro/Rua_Elias_Aforas__202_0.jpg"""
15222+2015-03-23T18:02:37.202824+517+44326+684++2015-03-23T18:02:37.202857+++"""Qual local lhe parece mais seguro? Right https://contribua.org/bairros/oeste/liberdade/Rua_Severino_Pimentel__439__0.jpg https://contribua.org/bairros/oeste/catole/Avenida_Prefeito_Severino_Bezerra_Cabral__218_0.jpg"""
15220+2015-03-23T18:00:55.929657+517+44223+684++2015-03-23T18:00:55.929689+++"""Qual local lhe parece mais seguro? Left https://contribua.org/bairros/oeste/liberdade/Rua_Severino_Pimentel__511_270.jpg https://contribua.org/bairros/norte/centro/Rua_Pedro_Alvares_Cabral__129_90.jpg"""
15234+2015-03-23T18:06:50.060635+517+44258+684++2015-03-23T18:06:50.060668+++"""Qual local lhe parece mais agrad%C3%A1vel? Right https://contribua.org/bairros/oeste/catole/Rua_Vigario_Calixto__1201_0.jpg https://contribua.org/bairros/norte/centro/Rua_Coronel_Salvino_Figueiredo__251_270.jpg"""
15236+2015-03-23T18:06:55.632839+517+44213+684++2015-03-23T18:06:55.632873+++"""Qual local lhe parece mais seguro? Left https://contribua.org/bairros/oeste/catole/Rua_Aluisio_Cunha_Linha__50__90.jpg https://contribua.org/bairros/norte/centro/Rua_Pedro_Alvares_Cabral__129_90.jpg"""
15188+2015-03-23T16:54:59.758647+517+44315+682++2015-03-23T16:54:59.758680+++"""Qual local lhe parece mais agrad%C3%A1vel? Right https://contribua.org/bairros/oeste/liberdade/Rua_Padre_Pedro_Serrao__353__90.jpg https://contribua.org/bairros/norte/centro/Rua_Doutor_Severino_Cruz__411__90.jpg"""
15252+2015-03-23T20:49:04.855145+517+44262+686++2015-03-23T20:49:04.855180+++"""Qual local lhe parece mais agrad%C3%A1vel? Right https://contribua.org/bairros/oeste/catole/Rua_Sebastiao_Vieira_da_Silva__1273__0.jpg https://contribua.org/bairros/norte/centro/Rua_Elias_Aforas__67__180.jpg"""
13995+2015-03-09T20:16:55.511242+517+43664+656++2015-03-09T20:16:55.511275+++"""Qual local lhe parece mais agrad%C3%A1vel? Left https://contribua.org/bairros/oeste/liberdade/Rua_Sergipe__1337_0.jpg https://contribua.org/bairros/norte/centro/Rua_Capitao_Joao_de_Sa__45__0.jpg"""
14056+2015-03-09T20:23:18.697055+517+43635+656++2015-03-09T20:23:18.697088+++"""Qual local lhe parece mais seguro? Right https://contribua.org/bairros/oeste/catole/Rua_Joao_Francisco_Mota__64__270.jpg https://contribua.org/bairros/oeste/catole/Rua_Otacilio_Nepomuceno__76_90.jpg"""
14071+2015-03-10T00:34:15.741648+517+43727+549++2015-03-10T00:34:15.741680+++"""Qual local lhe parece mais agrad%C3%A1vel? Left https://contribua.org/bairros/norte/centro/Rua_Doutor_Severino_Cruz__411__90.jpg https://contribua.org/bairros/norte/centro/Avenida_Presidente_Joao_Pessoa__128__180.jpg"""
14121+2015-03-10T03:37:36.651498+517+43495+659++2015-03-10T03:37:36.651530+++"""Qual local lhe parece mais agrad%C3%A1vel? Left https://contribua.org/bairros/norte/centro/Avenida_Dom_Pedro_II__500_270.jpg https://contribua.org/bairros/norte/centro/Avenida_Presidente_Getulio_Vargas__271__90.jpg"""
14003+2015-03-09T20:17:49.153632+517+43712+656++2015-03-09T20:17:49.153653+++"""Qual local lhe parece mais seguro? Right https://contribua.org/bairros/oeste/liberdade/Rua_Espirito_Santo__1288__0.jpg https://contribua.org/bairros/oeste/catole/Rua_Doutor_Antonio_Telha_-_Catole__Campina_Grande__90.jpg"""
14024+2015-03-09T20:21:30.705235+517+43688+656++2015-03-09T20:21:30.705255+++"""Qual local lhe parece mais seguro? Right https://contribua.org/bairros/oeste/liberdade/Rua_Padre_Pedro_Serrao__353__270.jpg https://contribua.org/bairros/oeste/catole/Rua_Otacilio_Nepomuceno__76_0.jpg"""
14062+2015-03-09T21:53:58.212852+517+43741+515++2015-03-09T21:53:58.212886+++"""Qual local lhe parece mais seguro? Right https://contribua.org/bairros/oeste/liberdade/Rua_Odon_Bezerra__306_270.jpg https://contribua.org/bairros/oeste/catole/Rua_Joao_Francisco_Mota__64__270.jpg"""
14086+2015-03-10T00:59:11.680775+517+43772+658++2015-03-10T00:59:11.680789+++"""Qual local lhe parece mais agrad%C3%A1vel? Left https://contribua.org/bairros/norte/centro/Rua_Manoel_P._de_Araujo__150_90.jpg https://contribua.org/bairros/norte/centro/Avenida_Dom_Pedro_II__119_90.jpg"""
14131+2015-03-10T03:38:28.675322+517+43772+659++2015-03-10T03:38:28.675339+++"""Qual local lhe parece mais agrad%C3%A1vel? Left https://contribua.org/bairros/norte/centro/Rua_Manoel_P._de_Araujo__150_90.jpg https://contribua.org/bairros/norte/centro/Avenida_Dom_Pedro_II__119_90.jpg"""
14052+2015-03-09T20:23:10.035881+517+43763+656++2015-03-09T20:23:10.035906+++"""Qual local lhe parece mais seguro? Right https://contribua.org/bairros/oeste/catole/Rua_Otacilio_Nepomuceno__76_0.jpg https://contribua.org/bairros/oeste/catole/Rua_Luisa_Bezerra_Mota__246_270.jpg"""
14063+2015-03-09T21:54:03.445017+517+43663+515++2015-03-09T21:54:03.445049+++"""Qual local lhe parece mais seguro? Right https://contribua.org/bairros/oeste/liberdade/Rua_Odon_Bezerra__147_90.jpg https://contribua.org/bairros/oeste/catole/Rua_Inacio_Marques_da_Silva__434_270.jpg"""
14066+2015-03-10T00:33:26.555268+517+43553+549++2015-03-10T00:33:26.555303+++"""Qual local lhe parece mais agrad%C3%A1vel? Right https://contribua.org/bairros/oeste/liberdade/Rua_Sergipe__1337_90.jpg https://contribua.org/bairros/norte/centro/Rua_Capitao_Joao_de_Sa__45__180.jpg"""
14078+2015-03-10T00:37:42.126464+517+43768+549++2015-03-10T00:37:42.126482+++"""Qual local lhe parece mais seguro? Right https://contribua.org/bairros/oeste/catole/Rua_Sebastiao_Vieira_da_Silva__1273__180.jpg https://contribua.org/bairros/oeste/catole/Rua_Doutor_Antonio_Telha__68__90.jpg"""
14105+2015-03-10T01:01:50.338807+517+43691+658++2015-03-10T01:01:50.338840+++"""Qual local lhe parece mais agrad%C3%A1vel? Left https://contribua.org/bairros/oeste/catole/Rua_Otacilio_Nepomuceno__76_90.jpg https://contribua.org/bairros/norte/centro/Avenida_Presidente_Getulio_Vargas__210__180.jpg"""
14026+2015-03-09T20:21:45.544251+517+43710+656++2015-03-09T20:21:45.544274+++"""{age=30|sex=Masculino|class=M\u00e9dia (R$ 2.900 a R$ 7.249,99)|educ=Mestrado|city=Jo\u00e3o Pessoa - Para\u00edba, Brazil|time=30|rel=Solteiro|neig=cen} Qual local lhe parece mais agrad%C3%A1vel? Right https://contribua.org/bairros/oeste/catole/Rua_Joao_Francisco_Mota__64__90.jpg https://contribua.org/bairros/norte/centro/Rua_Augusto_Severo__71_90.jpg"""
14010+2015-03-09T20:19:33.305490+517+43696+656++2015-03-09T20:19:33.305523+++"""Qual local lhe parece mais seguro? Right https://contribua.org/bairros/oeste/liberdade/Rua_Padre_Pedro_Serrao__207__90.jpg https://contribua.org/bairros/oeste/catole/Rua_Otacilio_Nepomuceno__76_90.jpg"""
14019+2015-03-09T20:20:58.638667+517+43706+656++2015-03-09T20:20:58.638701+++"""Qual local lhe parece mais agrad%C3%A1vel? Left https://contribua.org/bairros/oeste/liberdade/Rua_Riachuelo__455__0.jpg https://contribua.org/bairros/norte/centro/Rua_Capitao_Joao_de_Sa__45__0.jpg"""
14093+2015-03-10T00:59:41.431205+517+43753+658++2015-03-10T00:59:41.431238+++"""Qual local lhe parece mais agrad%C3%A1vel? Left https://contribua.org/bairros/oeste/catole/Rua_Luisa_Bezerra_Mota__246_90.jpg https://contribua.org/bairros/norte/centro/Avenida_Presidente_Joao_Pessoa__128__180.jpg"""
14099+2015-03-10T01:01:23.961538+517+43678+658++2015-03-10T01:01:23.961576+++"""Qual local lhe parece mais seguro? Right https://contribua.org/bairros/oeste/liberdade/Rua_Severino_Pimentel__439__0.jpg https://contribua.org/bairros/oeste/catole/Rua_Cristina_Procopio_da_Silva__62__90.jpg"""
14040+2015-03-09T20:22:47.947822+517+43721+656++2015-03-09T20:22:47.947854+++"""Qual local lhe parece mais agrad%C3%A1vel? Right https://contribua.org/bairros/oeste/liberdade/Rua_Odon_Bezerra__147_270.jpg https://contribua.org/bairros/norte/centro/Rua_Augusto_Severo__71_90.jpg"""
14081+2015-03-10T00:37:47.295535+517+43646+549++2015-03-10T00:37:47.295568+++"""Qual local lhe parece mais seguro? Right https://contribua.org/bairros/oeste/liberdade/Rua_Padre_Pedro_Serrao__207__270.jpg https://contribua.org/bairros/oeste/catole/Rua_Olegario_Mariano__139_0.jpg"""
14125+2015-03-10T03:38:03.515070+517+43791+659++2015-03-10T03:38:03.515103+++"""Qual local lhe parece mais agrad%C3%A1vel? Left https://contribua.org/bairros/oeste/liberdade/Rua_Riachuelo__930__0.jpg https://contribua.org/bairros/norte/centro/Rua_Capitao_Joao_de_Sa__45__0.jpg"""
14135+2015-03-10T03:38:45.433365+517+43700+659++2015-03-10T03:38:45.433386+++"""Qual local lhe parece mais agrad%C3%A1vel? Left https://contribua.org/bairros/oeste/catole/Rua_Honorio_de_Melo__240__90.jpg https://contribua.org/bairros/norte/centro/Avenida_Dom_Pedro_II__119_90.jpg"""
14064+2015-03-09T21:54:07.972843+517+43651+515++2015-03-09T21:54:07.972876+++"""Qual local lhe parece mais agrad%C3%A1vel? NotKnown https://contribua.org/bairros/oeste/liberdade/Rua_Edesio_Silva__602__180.jpg https://contribua.org/bairros/norte/centro/Avenida_Dom_Pedro_II__119_90.jpg"""
14072+2015-03-10T00:34:23.244175+517+43702+549++2015-03-10T00:34:23.244208+++"""Qual local lhe parece mais seguro? Left https://contribua.org/bairros/oeste/liberdade/Rua_Severino_Pimentel__439__180.jpg https://contribua.org/bairros/norte/centro/Rua_Manoel_P._de_Araujo__150_90.jpg"""
14083+2015-03-10T00:37:50.857078+517+43527+549++2015-03-10T00:37:50.857111+++"""Qual local lhe parece mais seguro? Left https://contribua.org/bairros/oeste/liberdade/Rua_Riachuelo__847__180.jpg https://contribua.org/bairros/norte/centro/Rua_Manoel_P._de_Araujo__150_90.jpg"""
14088+2015-03-10T00:59:20.836896+517+43628+658++2015-03-10T00:59:20.836929+++"""Qual local lhe parece mais agrad%C3%A1vel? Left https://contribua.org/bairros/oeste/liberdade/Rua_Edesio_Silva__602__180.jpg https://contribua.org/bairros/norte/centro/Rua_Capitao_Joao_de_Sa__45__0.jpg"""
14182+2015-03-12T01:18:45.059498+517+43801+660++2015-03-12T01:18:45.059515+++"""Qual local lhe parece mais agrad%C3%A1vel? Left https://contribua.org/bairros/norte/centro/Rua_Joao_da_Mata__490_270.jpg https://contribua.org/bairros/norte/centro/Rua_Capitao_Joao_de_Sa__45__0.jpg"""
15251+2015-03-23T20:48:56.305525+517+44299+686++2015-03-23T20:48:56.305557+++"""Qual local lhe parece mais agrad%C3%A1vel? Right https://contribua.org/bairros/oeste/catole/Rua_Deputado_Ascendino_Moura__101__90.jpg https://contribua.org/bairros/norte/centro/Rua_Doutor_Severino_Cruz__411__90.jpg"""
15258+2015-03-23T20:53:13.221755+517+44254+687++2015-03-23T20:53:13.221788+++"""Qual local lhe parece mais agrad%C3%A1vel? Right https://contribua.org/bairros/norte/centro/Rua_Felix_Araujo__48__270.jpg https://contribua.org/bairros/norte/centro/Rua_Coronel_Salvino_Figueiredo__251_90.jpg"""
15280+2015-03-23T20:55:17.587190+517+44253+687++2015-03-23T20:55:17.587227+++"""Qual local lhe parece mais agrad%C3%A1vel? Right https://contribua.org/bairros/norte/centro/Rua_Manoel_P._de_Araujo__150_270.jpg https://contribua.org/bairros/norte/centro/Avenida_Dom_Pedro_II__500_90.jpg"""
15283+2015-03-23T20:55:23.721145+517+44252+687++2015-03-23T20:55:23.721177+++"""Qual local lhe parece mais agrad%C3%A1vel? Right https://contribua.org/bairros/oeste/liberdade/Rua_Odon_Bezerra__306_90.jpg https://contribua.org/bairros/norte/centro/Rua_Elias_Aforas__202_0.jpg"""
14112+2015-03-10T03:36:08.064781+517+43766+659++2015-03-10T03:36:08.064797+++"""Qual local lhe parece mais seguro? Right https://contribua.org/bairros/oeste/liberdade/Rua_Odon_Bezerra__147_270.jpg https://contribua.org/bairros/norte/centro/Rua_Manoel_P._de_Araujo__150_90.jpg"""
14191+2015-03-12T01:21:48.893219+517+43817+660++2015-03-12T01:21:48.893235+++"""Qual local lhe parece mais agrad%C3%A1vel? Right https://contribua.org/bairros/oeste/liberdade/Rua_Odon_Bezerra__147_270.jpg https://contribua.org/bairros/norte/centro/Rua_Doutor_Severino_Cruz__411__270.jpg"""
14194+2015-03-12T01:22:08.189624+517+43805+660++2015-03-12T01:22:08.189658+++"""Qual local lhe parece mais seguro? Left https://contribua.org/bairros/oeste/liberdade/Rua_Padre_Pedro_Serrao__353__90.jpg https://contribua.org/bairros/oeste/catole/Rua_Inacio_Marques_da_Silva__434_90.jpg"""
15245+2015-03-23T20:31:14.388778+517+44306+686++2015-03-23T20:31:14.388814+++"""Qual local lhe parece mais agrad%C3%A1vel? Right https://contribua.org/bairros/oeste/liberdade/Avenida_Assis_Chateaubriand__1334__0.jpg https://contribua.org/bairros/norte/centro/Rua_Capitao_Joao_de_Sa__45__0.jpg"""
15261+2015-03-23T20:53:25.646879+517+44127+687++2015-03-23T20:53:25.646911+++"""Qual local lhe parece mais seguro? Right https://contribua.org/bairros/oeste/catole/Rua_Vigario_Calixto__1201_180.jpg https://contribua.org/bairros/oeste/catole/Rua_Olegario_Mariano__139_90.jpg"""
14178+2015-03-12T01:17:52.719320+517+43716+660++2015-03-12T01:17:52.719337+++"""Qual local lhe parece mais seguro? Left https://contribua.org/bairros/oeste/liberdade/Rua_Odon_Bezerra__147_270.jpg https://contribua.org/bairros/oeste/catole/Avenida_Prefeito_Severino_Bezerra_Cabral__218_90.jpg"""
14190+2015-03-12T01:21:41.980337+517+43776+660++2015-03-12T01:21:41.980351+++"""Qual local lhe parece mais agrad%C3%A1vel? Left https://contribua.org/bairros/oeste/catole/Rua_Doutor_Antonio_Telha__68__90.jpg https://contribua.org/bairros/norte/centro/Rua_Capitao_Joao_de_Sa__45__180.jpg"""
15297+2015-03-23T20:56:52.012848+517+44330+686++2015-03-23T20:56:52.012882+++"""Qual local lhe parece mais seguro? Left https://contribua.org/bairros/oeste/catole/Rua_Doutor_Antonio_Telha_-_Catole__Campina_Grande__90.jpg https://contribua.org/bairros/norte/centro/Rua_Joao_da_Mata__490_90.jpg"""
15335+2015-03-23T21:00:40.232023+517+44366+686++2015-03-23T21:00:40.232056+++"""Qual local lhe parece mais seguro? Left https://contribua.org/bairros/oeste/liberdade/Rua_Severino_Pimentel__511_90.jpg https://contribua.org/bairros/norte/centro/Rua_Manoel_P._de_Araujo__370_180.jpg"""
15337+2015-03-23T21:00:50.305924+517+44147+686++2015-03-23T21:00:50.305960+++"""Qual local lhe parece mais agrad%C3%A1vel? Left https://contribua.org/bairros/oeste/catole/Rua_Doutor_Antonio_Telha_-_Catole__Campina_Grande__90.jpg https://contribua.org/bairros/norte/centro/Rua_Elias_Aforas__67__0.jpg"""
15342+2015-03-23T21:01:08.500024+517+44376+686++2015-03-23T21:01:08.500055+++"""Qual local lhe parece mais agrad%C3%A1vel? Left https://contribua.org/bairros/oeste/liberdade/Rua_Odon_Bezerra__388__270.jpg https://contribua.org/bairros/norte/centro/Rua_Joao_da_Mata__490_270.jpg"""
14188+2015-03-12T01:21:19.359768+517+43813+660++2015-03-12T01:21:19.359782+++"""Qual local lhe parece mais agrad%C3%A1vel? Left https://contribua.org/bairros/oeste/catole/Rua_Joao_Francisco_Mota__64__270.jpg https://contribua.org/bairros/norte/centro/Avenida_Dom_Pedro_II__119_90.jpg"""
15295+2015-03-23T20:56:41.444345+517+44316+686++2015-03-23T20:56:41.444378+++"""Qual local lhe parece mais agrad%C3%A1vel? Left https://contribua.org/bairros/norte/centro/Rua_Joao_da_Mata__490_270.jpg https://contribua.org/bairros/norte/centro/Rua_Manoel_P._de_Araujo__370_180.jpg"""
15303+2015-03-23T20:58:01.790468+517+44359+686++2015-03-23T20:58:01.790481+++"""Qual local lhe parece mais agrad%C3%A1vel? Left https://contribua.org/bairros/oeste/catole/Rua_Sebastiao_Vieira_da_Silva__1273__180.jpg https://contribua.org/bairros/norte/centro/Rua_Manoel_P._de_Araujo__370_180.jpg"""
15306+2015-03-23T20:58:18.517703+517+44141+686++2015-03-23T20:58:18.517735+++"""Qual local lhe parece mais agrad%C3%A1vel? Right https://contribua.org/bairros/norte/centro/Rua_Felix_Araujo__132__90.jpg https://contribua.org/bairros/norte/centro/Rua_Elias_Aforas__67__180.jpg"""
15349+2015-03-23T21:01:33.906249+517+44289+686++2015-03-23T21:01:33.906283+++"""Qual local lhe parece mais agrad%C3%A1vel? Right https://contribua.org/bairros/oeste/catole/Rua_Inacio_Marques_da_Silva__434_90.jpg https://contribua.org/bairros/norte/centro/Rua_Capitao_Joao_de_Sa__45__0.jpg"""
14205+2015-03-13T16:53:01.342015+517+43753+662++2015-03-13T16:53:01.342048+++"""Qual local lhe parece mais agrad%C3%A1vel? Left https://contribua.org/bairros/oeste/catole/Rua_Luisa_Bezerra_Mota__246_90.jpg https://contribua.org/bairros/norte/centro/Avenida_Presidente_Joao_Pessoa__128__180.jpg"""
14223+2015-03-13T17:01:26.116364+517+43836+662++2015-03-13T17:01:26.116397+++"""Qual local lhe parece mais seguro? Right https://contribua.org/bairros/oeste/catole/Rua_Doutor_Antonio_Telha__68__90.jpg https://contribua.org/bairros/norte/centro/Rua_Manoel_P._de_Araujo__150_90.jpg"""
14224+2015-03-13T17:02:40.873804+517+43777+662++2015-03-13T17:02:40.873836+++"""{age=31|sex=Feminino|class=M\u00e9dia (R$ 2.900 a R$ 7.249,99)|educ=Mestrado|city=Campina Grande - Para\u00edba, Brasil|time=31|rel=Solteiro|neig=cen;cat} Qual local lhe parece mais agrad%C3%A1vel? Left https://contribua.org/bairros/oeste/catole/Rua_Aluisio_Cunha_Linha__50__90.jpg https://contribua.org/bairros/norte/centro/Avenida_Presidente_Getulio_Vargas__210__180.jpg"""
14225+2015-03-13T17:02:46.432826+517+43757+662++2015-03-13T17:02:46.432861+++"""Qual local lhe parece mais agrad%C3%A1vel? NotKnown https://contribua.org/bairros/norte/centro/Rua_Joao_da_Mata__490_270.jpg https://contribua.org/bairros/norte/centro/Rua_Doutor_Severino_Cruz__411__270.jpg"""
14228+2015-03-13T17:03:23.202043+517+43734+662++2015-03-13T17:03:23.202078+++"""Qual local lhe parece mais seguro? NotKnown https://contribua.org/bairros/oeste/liberdade/Rua_Odon_Bezerra__306_270.jpg https://contribua.org/bairros/oeste/catole/Rua_Luisa_Bezerra_Mota__246_270.jpg"""
14229+2015-03-13T17:03:47.619192+517+43716+662++2015-03-13T17:03:47.619223+++"""Qual local lhe parece mais seguro? Left https://contribua.org/bairros/oeste/liberdade/Rua_Odon_Bezerra__147_270.jpg https://contribua.org/bairros/oeste/catole/Avenida_Prefeito_Severino_Bezerra_Cabral__218_90.jpg"""
14206+2015-03-13T16:53:23.222347+517+43673+662++2015-03-13T16:53:23.222382+++"""Qual local lhe parece mais agrad%C3%A1vel? Left https://contribua.org/bairros/oeste/catole/Rua_Sebastiao_Vieira_da_Silva__1273__180.jpg https://contribua.org/bairros/norte/centro/Rua_Doutor_Severino_Cruz__411__270.jpg"""
14207+2015-03-13T16:53:42.690613+517+43495+662++2015-03-13T16:53:42.690644+++"""Qual local lhe parece mais agrad%C3%A1vel? NotKnown https://contribua.org/bairros/norte/centro/Avenida_Dom_Pedro_II__500_270.jpg https://contribua.org/bairros/norte/centro/Avenida_Presidente_Getulio_Vargas__271__90.jpg"""
14208+2015-03-13T16:53:51.334198+517+43625+662++2015-03-13T16:53:51.334228+++"""Qual local lhe parece mais agrad%C3%A1vel? Left https://contribua.org/bairros/oeste/catole/Rua_Inacio_Marques_da_Silva__434_270.jpg https://contribua.org/bairros/norte/centro/Avenida_Presidente_Joao_Pessoa__128__90.jpg"""
14235+2015-03-13T17:07:07.880701+517+43781+662++2015-03-13T17:07:07.880734+++"""Qual local lhe parece mais seguro? NotKnown https://contribua.org/bairros/oeste/catole/Rua_Vigario_Calixto__1201_0.jpg https://contribua.org/bairros/oeste/catole/Rua_Doutor_Antonio_Telha_-_Catole__Campina_Grande__90.jpg"""
15365+2015-03-23T21:50:31.494050+517+44313+686++2015-03-23T21:50:31.494088+++"""Qual local lhe parece mais seguro? Left https://contribua.org/bairros/oeste/liberdade/Rua_Edesio_Silva__602__0.jpg https://contribua.org/bairros/oeste/catole/Rua_Cristina_Procopio_da_Silva__62__270.jpg"""
15427+2015-03-23T22:05:38.314229+517+44350+688++2015-03-23T22:05:38.314261+++"""{age=19|sex=Masculino|class=M\u00e9dia Baixa (R$ 1.450 a R$ 2.899,99)|educ=Gradua\u00e7\u00e3o|city=Campina Grande - Para\u00edba, Brasil|time=19|rel=Solteiro|neig=} Qual local lhe parece mais seguro? Left https://contribua.org/bairros/oeste/liberdade/Rua_Severino_Pimentel__439__0.jpg https://contribua.org/bairros/norte/centro/Rua_Felix_Araujo__48__270.jpg"""
14226+2015-03-13T17:03:01.962544+517+43769+662++2015-03-13T17:03:01.962576+++"""Qual local lhe parece mais seguro? NotKnown https://contribua.org/bairros/oeste/liberdade/Rua_Padre_Pedro_Serrao__207__90.jpg https://contribua.org/bairros/oeste/catole/Rua_Inacio_Marques_da_Silva__434_270.jpg"""
14227+2015-03-13T17:03:07.532582+517+43764+662++2015-03-13T17:03:07.532613+++"""Qual local lhe parece mais agrad%C3%A1vel? NotKnown https://contribua.org/bairros/norte/centro/Rua_Manoel_P._de_Araujo__150_270.jpg https://contribua.org/bairros/norte/centro/Avenida_Presidente_Getulio_Vargas__210__180.jpg"""
15327+2015-03-23T21:00:04.317026+517+44279+686++2015-03-23T21:00:04.317088+++"""Qual local lhe parece mais seguro? Left https://contribua.org/bairros/oeste/liberdade/Rua_Odon_Bezerra__147_270.jpg https://contribua.org/bairros/norte/centro/Rua_Quebra_Quilos__399__90.jpg"""
15315+2015-03-23T20:59:08.569611+517+44372+686++2015-03-23T20:59:08.569645+++"""Qual local lhe parece mais agrad%C3%A1vel? Left https://contribua.org/bairros/oeste/liberdade/Rua_Riachuelo__930__0.jpg https://contribua.org/bairros/norte/centro/Rua_Pedro_Alvares_Cabral__129_180.jpg"""
15336+2015-03-23T21:00:46.033583+517+44397+686++2015-03-23T21:00:46.033616+++"""Qual local lhe parece mais seguro? Right https://contribua.org/bairros/norte/centro/Rua_Quebra_Quilos__399__270.jpg https://contribua.org/bairros/norte/centro/Rua_Doutor_Severino_Cruz__411__270.jpg"""
15352+2015-03-23T21:01:44.432788+517+44408+686++2015-03-23T21:01:44.432822+++"""Qual local lhe parece mais agrad%C3%A1vel? Left https://contribua.org/bairros/oeste/catole/Rua_Olegario_Mariano__139_90.jpg https://contribua.org/bairros/norte/centro/Rua_Joao_da_Mata__490_90.jpg"""
15375+2015-03-23T21:51:08.717792+517+44172+686++2015-03-23T21:51:08.717824+++"""Qual local lhe parece mais agrad%C3%A1vel? Left https://contribua.org/bairros/oeste/liberdade/Rua_Severino_Pimentel__321__0.jpg https://contribua.org/bairros/norte/centro/Avenida_Dom_Pedro_II__500_90.jpg"""
14238+2015-03-16T00:11:42.178140+517+43701+663++2015-03-16T00:11:42.178178+++"""Qual local lhe parece mais agrad%C3%A1vel? Right https://contribua.org/bairros/oeste/liberdade/Rua_Odon_Bezerra__388__270.jpg https://contribua.org/bairros/norte/centro/Rua_Augusto_Severo__71_90.jpg"""
14333+2015-03-17T12:50:08.134000+517+43871+666++2015-03-17T12:50:08.134034+++"""{age=21|sex=Masculino|class=M\u00e9dia Baixa (R$ 1.450 a R$ 2.899,99)|educ=Gradua\u00e7\u00e3o|city=Campina Grande - Para\u00edba, Brasil|time=21|rel=Solteiro|neig=cen;cat} Qual local lhe parece mais agrad%C3%A1vel? Right https://contribua.org/bairros/norte/centro/Rua_Elias_Aforas__67__0.jpg https://contribua.org/bairros/norte/centro/Avenida_Presidente_Getulio_Vargas__210__180.jpg"""
14413+2015-03-17T14:28:59.810205+517+43913+668++2015-03-17T14:28:59.810238+++"""Qual local lhe parece mais agrad%C3%A1vel? Right https://contribua.org/bairros/oeste/liberdade/Rua_Sergipe__1337_90.jpg https://contribua.org/bairros/norte/centro/Avenida_Presidente_Getulio_Vargas__210__180.jpg"""
9998+2015-02-13T14:55:01.958661+517+43150+600++2015-02-13T14:55:01.958698+++"""Qual local lhe parece mais agrad%C3%A1vel? Left https://contribua.org/bairros/oeste/liberdade/Rua_Padre_Pedro_Serrao__353__90.jpg https://contribua.org/bairros/oeste/liberdade/Rua_Riachuelo__455__180.jpg"""
10000+2015-02-13T14:55:07.334376+517+43152+600++2015-02-13T14:55:07.334409+++"""Qual local lhe parece mais seguro? Right https://contribua.org/bairros/oeste/catole/Rua_Vigario_Calixto__1201_180.jpg https://contribua.org/bairros/oeste/liberdade/Rua_Acre__635_270.jpg"""
10013+2015-02-13T16:49:23.577348+517+43149+601++2015-02-13T16:49:23.577365+++"""Qual local lhe parece mais agrad%C3%A1vel? Right https://contribua.org/bairros/norte/centro/Rua_Augusto_Severo__71_90.jpg https://contribua.org/bairros/oeste/liberdade/Rua_Riachuelo__455__180.jpg"""
10046+2015-02-13T19:37:53.175150+517+43163+602++2015-02-13T19:37:53.175182+++"""Qual local lhe parece mais seguro? Right https://contribua.org/bairros/oeste/liberdade/Rua_Santa_Catarina__1231__180.jpg https://contribua.org/bairros/oeste/catole/Rua_Vigario_Calixto__1201_0.jpg"""
9946+2015-02-13T13:41:18.125982+517+43120+516++2015-02-13T13:41:18.125996+++"""Qual local lhe parece mais agrad%C3%A1vel? Left https://contribua.org/bairros/oeste/catole/Rua_Vigario_Calixto__1201_180.jpg https://contribua.org/bairros/norte/centro/Avenida_Presidente_Getulio_Vargas__395__270.jpg"""
10043+2015-02-13T19:37:33.530788+517+43160+602++2015-02-13T19:37:33.530822+++"""Qual local lhe parece mais seguro? Left https://contribua.org/bairros/oeste/liberdade/Rua_Odon_Bezerra__388__270.jpg https://contribua.org/bairros/oeste/liberdade/Rua_Acre__635_270.jpg"""
10068+2015-02-13T19:41:42.011577+517+43185+602++2015-02-13T19:41:42.011610+++"""Qual local lhe parece mais agrad%C3%A1vel? Left https://contribua.org/bairros/oeste/catole/Rua_Sebastiao_Vieira_da_Silva__1273__0.jpg https://contribua.org/bairros/norte/centro/Avenida_Presidente_Getulio_Vargas__271__90.jpg"""
10172+2015-02-13T19:49:20.061278+517+43289+602++2015-02-13T19:49:20.061311+++"""Qual local lhe parece mais agrad%C3%A1vel? Right https://contribua.org/bairros/norte/centro/Rua_Augusto_Severo__71_0.jpg https://contribua.org/bairros/norte/centro/Avenida_Barao_Rio_Branco__141_90.jpg"""
10212+2015-02-13T19:56:01.084500+517+43329+602++2015-02-13T19:56:01.084537+++"""Qual local lhe parece mais agrad%C3%A1vel? Left https://contribua.org/bairros/oeste/catole/Rua_Sebastiao_Vieira_da_Silva__1273__0.jpg https://contribua.org/bairros/norte/centro/Avenida_Presidente_Getulio_Vargas__395__90.jpg"""
9968+2015-02-13T14:52:15.833975+517+43120+600++2015-02-13T14:52:15.834007+++"""Qual local lhe parece mais agrad%C3%A1vel? Left https://contribua.org/bairros/oeste/catole/Rua_Vigario_Calixto__1201_180.jpg https://contribua.org/bairros/norte/centro/Avenida_Presidente_Getulio_Vargas__395__270.jpg"""
9994+2015-02-13T14:54:48.853394+517+43146+600++2015-02-13T14:54:48.853426+++"""Qual local lhe parece mais agrad%C3%A1vel? Left https://contribua.org/bairros/oeste/liberdade/Rua_Odon_Bezerra__306_270.jpg https://contribua.org/bairros/norte/centro/Rua_Elias_Aforas__202_180.jpg"""
10014+2015-02-13T16:49:30.935295+517+43150+601++2015-02-13T16:49:30.935327+++"""Qual local lhe parece mais agrad%C3%A1vel? Right https://contribua.org/bairros/oeste/liberdade/Rua_Padre_Pedro_Serrao__353__90.jpg https://contribua.org/bairros/oeste/liberdade/Rua_Riachuelo__455__180.jpg"""
10162+2015-02-13T19:48:42.197395+517+43279+602++2015-02-13T19:48:42.197427+++"""Qual local lhe parece mais agrad%C3%A1vel? Left https://contribua.org/bairros/oeste/liberdade/Rua_Riachuelo__847__180.jpg https://contribua.org/bairros/norte/centro/Avenida_Presidente_Getulio_Vargas__395__270.jpg"""
10235+2015-02-13T19:57:40.218755+517+43352+602++2015-02-13T19:57:40.218788+++"""Qual local lhe parece mais seguro? Right https://contribua.org/bairros/oeste/catole/Rua_Olegario_Mariano__139_270.jpg https://contribua.org/bairros/oeste/liberdade/Avenida_Assis_Chateaubriand__1334__180.jpg"""
10240+2015-02-13T19:58:00.897474+517+43357+602++2015-02-13T19:58:00.897508+++"""Qual local lhe parece mais seguro? Left https://contribua.org/bairros/oeste/liberdade/Rua_Espirito_Santo__1288__0.jpg https://contribua.org/bairros/oeste/catole/Rua_Olegario_Mariano__139_180.jpg"""
10110+2015-02-13T19:44:56.221170+517+43227+602++2015-02-13T19:44:56.221202+++"""Qual local lhe parece mais seguro? Right https://contribua.org/bairros/oeste/liberdade/Rua_Severino_Pimentel__439__0.jpg https://contribua.org/bairros/oeste/liberdade/Rua_Santa_Catarina__1231__180.jpg"""
10141+2015-02-13T19:47:01.806095+517+43258+602++2015-02-13T19:47:01.806128+++"""Qual local lhe parece mais agrad%C3%A1vel? NotKnown https://contribua.org/bairros/norte/centro/Avenida_Presidente_Getulio_Vargas__271__270.jpg https://contribua.org/bairros/norte/centro/Avenida_Presidente_Getulio_Vargas__395__270.jpg"""
10214+2015-02-13T19:56:06.199005+517+43331+602++2015-02-13T19:56:06.199042+++"""Qual local lhe parece mais seguro? Right https://contribua.org/bairros/oeste/liberdade/Rua_Riachuelo__455__0.jpg https://contribua.org/bairros/oeste/liberdade/Avenida_Assis_Chateaubriand__1334__180.jpg"""
10028+2015-02-13T16:51:56.749830+517+43164+601++2015-02-13T16:51:56.749868+++"""Qual local lhe parece mais seguro? NotKnown https://contribua.org/bairros/oeste/liberdade/Rua_Severino_Pimentel__321__0.jpg https://contribua.org/bairros/oeste/catole/Rua_Olegario_Mariano__139_180.jpg"""
10079+2015-02-13T19:42:31.672340+517+43196+602++2015-02-13T19:42:31.672373+++"""Qual local lhe parece mais seguro? Right https://contribua.org/bairros/oeste/liberdade/Rua_Severino_Pimentel__321__0.jpg https://contribua.org/bairros/oeste/liberdade/Rua_Odon_Bezerra__388__270.jpg"""
10029+2015-02-13T16:52:02.192199+517+43165+601++2015-02-13T16:52:02.192261+++"""Qual local lhe parece mais agrad%C3%A1vel? Right https://contribua.org/bairros/norte/centro/Rua_Felix_Araujo__48__270.jpg https://contribua.org/bairros/norte/centro/Rua_Elias_Aforas__202_180.jpg"""
10030+2015-02-13T16:52:06.039806+517+43166+601++2015-02-13T16:52:06.039840+++"""Qual local lhe parece mais agrad%C3%A1vel? Left https://contribua.org/bairros/oeste/liberdade/Rua_Acre__635_90.jpg https://contribua.org/bairros/norte/centro/Avenida_Presidente_Getulio_Vargas__271__270.jpg"""
10032+2015-02-13T16:52:11.898196+517+43168+601++2015-02-13T16:52:11.898231+++"""Qual local lhe parece mais seguro? Left https://contribua.org/bairros/oeste/liberdade/Rua_Odon_Bezerra__147_270.jpg https://contribua.org/bairros/oeste/catole/Rua_Olegario_Mariano__139_270.jpg"""
10067+2015-02-13T19:41:36.498206+517+43184+602++2015-02-13T19:41:36.498242+++"""Qual local lhe parece mais agrad%C3%A1vel? Left https://contribua.org/bairros/oeste/liberdade/Rua_Espirito_Santo__1288__0.jpg https://contribua.org/bairros/norte/centro/Avenida_Presidente_Getulio_Vargas__271__270.jpg"""
10099+2015-02-13T19:44:10.110996+517+43216+602++2015-02-13T19:44:10.111040+++"""Qual local lhe parece mais seguro? Right https://contribua.org/bairros/oeste/liberdade/Rua_Padre_Pedro_Serrao__353__270.jpg https://contribua.org/bairros/oeste/liberdade/Rua_Padre_Pedro_Serrao__207__270.jpg"""
10123+2015-02-13T19:45:52.189422+517+43240+602++2015-02-13T19:45:52.189441+++"""Qual local lhe parece mais agrad%C3%A1vel? Left https://contribua.org/bairros/norte/centro/Avenida_Dom_Pedro_II__500_90.jpg https://contribua.org/bairros/norte/centro/Avenida_Barao_Rio_Branco__141_90.jpg"""
9948+2015-02-13T13:41:36.878671+517+43122+516++2015-02-13T13:41:36.878687+++"""Qual local lhe parece mais seguro? Left https://contribua.org/bairros/oeste/liberdade/Rua_Odon_Bezerra__306_270.jpg https://contribua.org/bairros/oeste/liberdade/Avenida_Assis_Chateaubriand__1334__0.jpg"""
9953+2015-02-13T13:54:15.674295+517+43127+516++2015-02-13T13:54:15.674327+++"""Qual local lhe parece mais agrad%C3%A1vel? NotKnown https://contribua.org/bairros/norte/centro/Rua_Joao_da_Mata__490_90.jpg https://contribua.org/bairros/norte/centro/Avenida_Presidente_Getulio_Vargas__271__90.jpg"""
9981+2015-02-13T14:54:05.277048+517+43133+600++2015-02-13T14:54:05.277081+++"""Qual local lhe parece mais agrad%C3%A1vel? Left https://contribua.org/bairros/oeste/catole/Rua_Vigario_Calixto__1201_180.jpg https://contribua.org/bairros/norte/centro/Rua_Elias_Aforas__202_180.jpg"""
9952+2015-02-13T13:52:48.621309+517+43126+516++2015-02-13T13:52:48.621341+++"""Qual local lhe parece mais agrad%C3%A1vel? Left https://contribua.org/bairros/oeste/liberdade/Rua_Severino_Pimentel__321__180.jpg https://contribua.org/bairros/norte/centro/Rua_Elias_Aforas__202_180.jpg"""
9984+2015-02-13T14:54:22.258722+517+43136+600++2015-02-13T14:54:22.258753+++"""{age=24|sex=Masculino|class=M\u00e9dia (R$ 2.900 a R$ 7.249,99)|educ=Gradua\u00e7\u00e3o|city=Campina Grande|time=7|rel=Solteiro|neig=cen;lib;cat} Qual local lhe parece mais seguro? Right https://contribua.org/bairros/oeste/liberdade/Rua_Severino_Pimentel__321__180.jpg https://contribua.org/bairros/oeste/catole/Rua_Olegario_Mariano__139_270.jpg"""
10004+2015-02-13T15:57:51.765083+517+43140+549++2015-02-13T15:57:51.765115+++"""Qual local lhe parece mais seguro? Right https://contribua.org/bairros/oeste/liberdade/Rua_Severino_Pimentel__511_270.jpg https://contribua.org/bairros/oeste/liberdade/Rua_Severino_Pimentel__321__180.jpg"""
10085+2015-02-13T19:43:02.027616+517+43202+602++2015-02-13T19:43:02.027651+++"""Qual local lhe parece mais agrad%C3%A1vel? Right https://contribua.org/bairros/oeste/catole/Rua_Sebastiao_Vieira_da_Silva__1273__0.jpg https://contribua.org/bairros/norte/centro/Avenida_Dom_Pedro_II__119_270.jpg"""
10098+2015-02-13T19:44:07.262477+517+43215+602++2015-02-13T19:44:07.262514+++"""Qual local lhe parece mais seguro? Left https://contribua.org/bairros/oeste/liberdade/Rua_Sergipe__1337_0.jpg https://contribua.org/bairros/oeste/catole/Rua_Olegario_Mariano__139_180.jpg"""
10103+2015-02-13T19:44:26.446108+517+43220+602++2015-02-13T19:44:26.446140+++"""Qual local lhe parece mais agrad%C3%A1vel? Left https://contribua.org/bairros/norte/centro/Rua_Elias_Aforas__67__180.jpg https://contribua.org/bairros/norte/centro/Avenida_Dom_Pedro_II__119_270.jpg"""
10107+2015-02-13T19:44:42.518367+517+43224+602++2015-02-13T19:44:42.518407+++"""Qual local lhe parece mais agrad%C3%A1vel? Left https://contribua.org/bairros/oeste/liberdade/Rua_Odon_Bezerra__306_270.jpg https://contribua.org/bairros/norte/centro/Avenida_Presidente_Getulio_Vargas__271__90.jpg"""
10108+2015-02-13T19:44:45.017365+517+43225+602++2015-02-13T19:44:45.017398+++"""Qual local lhe parece mais agrad%C3%A1vel? Left https://contribua.org/bairros/oeste/liberdade/Rua_Padre_Pedro_Serrao__336__90.jpg https://contribua.org/bairros/norte/centro/Avenida_Presidente_Getulio_Vargas__395__90.jpg"""
10168+2015-02-13T19:49:03.772163+517+43285+602++2015-02-13T19:49:03.772198+++"""Qual local lhe parece mais seguro? NotKnown https://contribua.org/bairros/oeste/liberdade/Rua_Riachuelo__847__180.jpg https://contribua.org/bairros/oeste/liberdade/Rua_Padre_Pedro_Serrao__336__90.jpg"""
10219+2015-02-13T19:56:33.576539+517+43336+602++2015-02-13T19:56:33.576573+++"""Qual local lhe parece mais agrad%C3%A1vel? Right https://contribua.org/bairros/oeste/liberdade/Rua_Santa_Catarina__1231__0.jpg https://contribua.org/bairros/oeste/liberdade/Rua_Riachuelo__455__180.jpg"""
10284+2015-02-14T22:18:02.827586+517+43401+605++2015-02-14T22:18:02.827619+++"""Qual local lhe parece mais seguro? Right https://contribua.org/bairros/oeste/liberdade/Rua_Santa_Catarina__1231__180.jpg https://contribua.org/bairros/oeste/catole/Rua_Olegario_Mariano__139_180.jpg"""
10320+2015-02-14T22:22:01.110714+517+43437+605++2015-02-14T22:22:01.110747+++"""Qual local lhe parece mais agrad%C3%A1vel? Right https://contribua.org/bairros/oeste/catole/Rua_Otacilio_Nepomuceno__76_0.jpg https://contribua.org/bairros/norte/centro/Avenida_Presidente_Getulio_Vargas__395__270.jpg"""
10124+2015-02-13T19:45:55.346631+517+43241+602++2015-02-13T19:45:55.346663+++"""Qual local lhe parece mais agrad%C3%A1vel? Right https://contribua.org/bairros/norte/centro/Rua_Pedro_Alvares_Cabral__129_90.jpg https://contribua.org/bairros/norte/centro/Avenida_Presidente_Getulio_Vargas__271__90.jpg"""
10206+2015-02-13T19:55:08.092914+517+43323+602++2015-02-13T19:55:08.092945+++"""Qual local lhe parece mais agrad%C3%A1vel? Right https://contribua.org/bairros/oeste/catole/Rua_Cristina_Procopio_da_Silva__62__90.jpg https://contribua.org/bairros/oeste/liberdade/Rua_Riachuelo__455__180.jpg"""
10220+2015-02-13T19:56:38.578703+517+43337+602++2015-02-13T19:56:38.578740+++"""Qual local lhe parece mais agrad%C3%A1vel? NotKnown https://contribua.org/bairros/oeste/liberdade/Rua_Riachuelo__455__0.jpg https://contribua.org/bairros/norte/centro/Avenida_Presidente_Getulio_Vargas__271__90.jpg"""
10290+2015-02-14T22:18:51.546339+517+43407+605++2015-02-14T22:18:51.546371+++"""Qual local lhe parece mais seguro? Left https://contribua.org/bairros/oeste/liberdade/Rua_Severino_Pimentel__439__180.jpg https://contribua.org/bairros/oeste/liberdade/Rua_Acre__635_270.jpg"""
10311+2015-02-14T22:21:09.814507+517+43428+605++2015-02-14T22:21:09.814540+++"""Qual local lhe parece mais agrad%C3%A1vel? Right https://contribua.org/bairros/oeste/liberdade/Rua_Espirito_Santo__1288__180.jpg https://contribua.org/bairros/norte/centro/Avenida_Barao_Rio_Branco__141_90.jpg"""
10359+2015-02-15T00:29:04.240856+517+43476+606++2015-02-15T00:29:04.240871+++"""Qual local lhe parece mais seguro? Right https://contribua.org/bairros/oeste/liberdade/Rua_Riachuelo__455__0.jpg https://contribua.org/bairros/oeste/liberdade/Rua_Severino_Pimentel__321__0.jpg"""
10360+2015-02-15T00:29:11.815332+517+43477+606++2015-02-15T00:29:11.815349+++"""Qual local lhe parece mais agrad%C3%A1vel? Left https://contribua.org/bairros/oeste/catole/Rua_Olegario_Mariano__139_180.jpg https://contribua.org/bairros/norte/centro/Avenida_Presidente_Getulio_Vargas__395__270.jpg"""
10361+2015-02-15T00:29:20.203034+517+43478+606++2015-02-15T00:29:20.203055+++"""Qual local lhe parece mais seguro? Right https://contribua.org/bairros/oeste/liberdade/Rua_Riachuelo__847__180.jpg https://contribua.org/bairros/oeste/liberdade/Rua_Acre__635_270.jpg"""
10178+2015-02-13T19:51:49.599317+517+43295+602++2015-02-13T19:51:49.599351+++"""Qual local lhe parece mais agrad%C3%A1vel? NotKnown https://contribua.org/bairros/norte/centro/Avenida_Presidente_Getulio_Vargas__210__180.jpg https://contribua.org/bairros/norte/centro/Avenida_Dom_Pedro_II__119_270.jpg"""
10223+2015-02-13T19:56:48.576087+517+43340+602++2015-02-13T19:56:48.576119+++"""Qual local lhe parece mais agrad%C3%A1vel? Left https://contribua.org/bairros/oeste/catole/Rua_Inacio_Marques_da_Silva__434_270.jpg https://contribua.org/bairros/norte/centro/Avenida_Presidente_Getulio_Vargas__395__90.jpg"""
10297+2015-02-14T22:19:23.393920+517+43414+605++2015-02-14T22:19:23.393953+++"""Qual local lhe parece mais agrad%C3%A1vel? Left https://contribua.org/bairros/oeste/liberdade/Rua_Sergipe__1337_0.jpg https://contribua.org/bairros/norte/centro/Avenida_Presidente_Getulio_Vargas__271__270.jpg"""
10151+2015-02-13T19:48:06.031850+517+43268+602++2015-02-13T19:48:06.031868+++"""Qual local lhe parece mais agrad%C3%A1vel? Right https://contribua.org/bairros/norte/centro/Avenida_Presidente_Joao_Pessoa__128__90.jpg https://contribua.org/bairros/norte/centro/Avenida_Dom_Pedro_II__500_270.jpg"""
10179+2015-02-13T19:51:54.180351+517+43296+602++2015-02-13T19:51:54.180384+++"""Qual local lhe parece mais agrad%C3%A1vel? Left https://contribua.org/bairros/oeste/catole/Rua_Deputado_Ascendino_Moura__101__270.jpg https://contribua.org/bairros/norte/centro/Avenida_Barao_Rio_Branco__141_90.jpg"""
10197+2015-02-13T19:54:38.363981+517+43314+602++2015-02-13T19:54:38.364013+++"""Qual local lhe parece mais seguro? NotKnown https://contribua.org/bairros/oeste/liberdade/Rua_Severino_Pimentel__439__0.jpg https://contribua.org/bairros/oeste/liberdade/Rua_Padre_Pedro_Serrao__336__90.jpg"""
10202+2015-02-13T19:54:49.381148+517+43319+602++2015-02-13T19:54:49.381179+++"""Qual local lhe parece mais agrad%C3%A1vel? Left https://contribua.org/bairros/oeste/catole/Rua_Doutor_Antonio_Telha_-_Catole__Campina_Grande__90.jpg https://contribua.org/bairros/norte/centro/Avenida_Presidente_Getulio_Vargas__271__270.jpg"""
10283+2015-02-14T22:17:59.136545+517+43400+605++2015-02-14T22:17:59.136578+++"""Qual local lhe parece mais agrad%C3%A1vel? Right https://contribua.org/bairros/norte/centro/Rua_Manoel_P._de_Araujo__150_90.jpg https://contribua.org/bairros/norte/centro/Avenida_Barao_Rio_Branco__141_90.jpg"""
14250+2015-03-16T00:13:23.480101+517+43676+663++2015-03-16T00:13:23.480133+++"""Qual local lhe parece mais seguro? Right https://contribua.org/bairros/oeste/catole/Rua_Aluisio_Cunha_Linha__50__90.jpg https://contribua.org/bairros/oeste/catole/Avenida_Prefeito_Severino_Bezerra_Cabral__218_90.jpg"""
10170+2015-02-13T19:49:12.796998+517+43287+602++2015-02-13T19:49:12.797032+++"""Qual local lhe parece mais agrad%C3%A1vel? Left https://contribua.org/bairros/norte/centro/Rua_Doutor_Severino_Cruz__411__270.jpg https://contribua.org/bairros/oeste/liberdade/Rua_Riachuelo__455__180.jpg"""
10176+2015-02-13T19:49:38.238005+517+43293+602++2015-02-13T19:49:38.238039+++"""Qual local lhe parece mais seguro? Right https://contribua.org/bairros/oeste/liberdade/Rua_Acre__635_270.jpg https://contribua.org/bairros/oeste/catole/Rua_Sebastiao_Vieira_da_Silva__1273__0.jpg"""
10193+2015-02-13T19:53:43.951774+517+43310+602++2015-02-13T19:53:43.951808+++"""Qual local lhe parece mais seguro? Right https://contribua.org/bairros/oeste/liberdade/Rua_Severino_Pimentel__321__180.jpg https://contribua.org/bairros/oeste/liberdade/Avenida_Assis_Chateaubriand__1334__180.jpg"""
10210+2015-02-13T19:55:56.147794+517+43327+602++2015-02-13T19:55:56.147827+++"""Qual local lhe parece mais agrad%C3%A1vel? NotKnown https://contribua.org/bairros/norte/centro/Rua_Felix_Araujo__132__90.jpg https://contribua.org/bairros/norte/centro/Avenida_Presidente_Getulio_Vargas__395__90.jpg"""
10229+2015-02-13T19:57:21.584352+517+43346+602++2015-02-13T19:57:21.584385+++"""Qual local lhe parece mais seguro? Left https://contribua.org/bairros/oeste/liberdade/Rua_Riachuelo__847__180.jpg https://contribua.org/bairros/oeste/catole/Rua_Olegario_Mariano__139_270.jpg"""
10247+2015-02-13T19:58:29.981254+517+43364+602++2015-02-13T19:58:29.981287+++"""Qual local lhe parece mais seguro? Right https://contribua.org/bairros/oeste/liberdade/Rua_Riachuelo__455__0.jpg https://contribua.org/bairros/oeste/liberdade/Rua_Odon_Bezerra__388__270.jpg"""
10264+2015-02-14T22:14:26.056959+517+43381+605++2015-02-14T22:14:26.056993+++"""Qual local lhe parece mais agrad%C3%A1vel? Left https://contribua.org/bairros/oeste/liberdade/Rua_Padre_Pedro_Serrao__353__90.jpg https://contribua.org/bairros/norte/centro/Avenida_Barao_Rio_Branco__141_90.jpg"""
10221+2015-02-13T19:56:42.249041+517+43338+602++2015-02-13T19:56:42.249075+++"""Qual local lhe parece mais agrad%C3%A1vel? Right https://contribua.org/bairros/norte/centro/Rua_Felix_Araujo__48__90.jpg https://contribua.org/bairros/norte/centro/Rua_Elias_Aforas__202_180.jpg"""
10370+2015-02-15T00:31:20.315657+517+43487+606++2015-02-15T00:31:20.315690+++"""{age=21|sex=Masculino|class=M\u00e9dia (R$ 2.900 a R$ 7.249,99)|educ=Gradua\u00e7\u00e3o|city=Campina Grande - Para\u00edba, Brasil|time=21|rel=Solteiro|neig=} Qual local lhe parece mais agrad%C3%A1vel? Left https://contribua.org/bairros/oeste/liberdade/Rua_Riachuelo__847__0.jpg https://contribua.org/bairros/oeste/liberdade/Rua_Riachuelo__455__180.jpg"""
14258+2015-03-16T00:14:18.256455+517+43814+663++2015-03-16T00:14:18.256471+++"""Qual local lhe parece mais seguro? Right https://contribua.org/bairros/oeste/liberdade/Rua_Riachuelo__930__180.jpg https://contribua.org/bairros/oeste/catole/Rua_Inacio_Marques_da_Silva__434_90.jpg"""
14261+2015-03-16T00:14:28.451352+517+43669+663++2015-03-16T00:14:28.451380+++"""Qual local lhe parece mais agrad%C3%A1vel? Right https://contribua.org/bairros/oeste/catole/Rua_Doutor_Antonio_Telha__235_180.jpg https://contribua.org/bairros/norte/centro/Avenida_Presidente_Joao_Pessoa__128__90.jpg"""
14265+2015-03-16T00:14:41.963943+517+43796+663++2015-03-16T00:14:41.963976+++"""Qual local lhe parece mais seguro? Left https://contribua.org/bairros/oeste/liberdade/Rua_Severino_Pimentel__439__180.jpg https://contribua.org/bairros/oeste/catole/Rua_Aluisio_Cunha_Linha__50__270.jpg"""
10277+2015-02-14T22:16:29.749016+517+43394+605++2015-02-14T22:16:29.749056+++"""Qual local lhe parece mais agrad%C3%A1vel? Right https://contribua.org/bairros/norte/centro/Rua_Pedro_Alvares_Cabral__129_90.jpg https://contribua.org/bairros/norte/centro/Avenida_Dom_Pedro_II__119_270.jpg"""
10329+2015-02-14T22:25:37.797936+517+43446+605++2015-02-14T22:25:37.797968+++"""Qual local lhe parece mais agrad%C3%A1vel? Left https://contribua.org/bairros/oeste/liberdade/Rua_Padre_Pedro_Serrao__353__90.jpg https://contribua.org/bairros/norte/centro/Avenida_Presidente_Getulio_Vargas__395__90.jpg"""
10337+2015-02-14T22:26:05.543257+517+43454+605++2015-02-14T22:26:05.543274+++"""Qual local lhe parece mais seguro? Right https://contribua.org/bairros/oeste/liberdade/Rua_Severino_Pimentel__511_90.jpg https://contribua.org/bairros/oeste/liberdade/Rua_Odon_Bezerra__388__270.jpg"""
10232+2015-02-13T19:57:34.552193+517+43349+602++2015-02-13T19:57:34.552249+++"""Qual local lhe parece mais agrad%C3%A1vel? Left https://contribua.org/bairros/norte/centro/Rua_Coronel_Salvino_Figueiredo__251_270.jpg https://contribua.org/bairros/oeste/liberdade/Rua_Riachuelo__455__180.jpg"""
10250+2015-02-13T19:58:38.256379+517+43367+602++2015-02-13T19:58:38.256415+++"""Qual local lhe parece mais seguro? Right https://contribua.org/bairros/oeste/liberdade/Rua_Padre_Pedro_Serrao__353__270.jpg https://contribua.org/bairros/oeste/liberdade/Rua_Padre_Pedro_Serrao__353__90.jpg"""
10323+2015-02-14T22:22:26.827293+517+43440+605++2015-02-14T22:22:26.827326+++"""Qual local lhe parece mais agrad%C3%A1vel? Right https://contribua.org/bairros/norte/centro/Rua_Elias_Aforas__67__180.jpg https://contribua.org/bairros/norte/centro/Avenida_Presidente_Getulio_Vargas__395__90.jpg"""
10330+2015-02-14T22:25:45.676760+517+43447+605++2015-02-14T22:25:45.676792+++"""Qual local lhe parece mais seguro? Right https://contribua.org/bairros/oeste/catole/Rua_Vigario_Calixto__1201_0.jpg https://contribua.org/bairros/oeste/liberdade/Rua_Espirito_Santo__1288__0.jpg"""
10350+2015-02-14T22:27:24.292327+517+43467+605++2015-02-14T22:27:24.292343+++"""Qual local lhe parece mais agrad%C3%A1vel? Right https://contribua.org/bairros/norte/centro/Rua_Augusto_Severo__71_90.jpg https://contribua.org/bairros/norte/centro/Avenida_Presidente_Getulio_Vargas__271__270.jpg"""
10352+2015-02-14T22:27:31.020377+517+43469+605++2015-02-14T22:27:31.020410+++"""Qual local lhe parece mais agrad%C3%A1vel? Right https://contribua.org/bairros/oeste/liberdade/Rua_Padre_Pedro_Serrao__207__90.jpg https://contribua.org/bairros/norte/centro/Avenida_Barao_Rio_Branco__141_90.jpg"""
14269+2015-03-16T00:14:59.729781+517+43754+663++2015-03-16T00:14:59.729813+++"""Qual local lhe parece mais agrad%C3%A1vel? Left https://contribua.org/bairros/norte/centro/Avenida_Presidente_Getulio_Vargas__210__0.jpg https://contribua.org/bairros/norte/centro/Rua_Capitao_Joao_de_Sa__45__0.jpg"""
14270+2015-03-16T00:15:03.459849+517+43759+663++2015-03-16T00:15:03.459883+++"""Qual local lhe parece mais seguro? Left https://contribua.org/bairros/oeste/catole/Rua_Otacilio_Nepomuceno__76_90.jpg https://contribua.org/bairros/oeste/catole/Rua_Aluisio_Cunha_Linha__50__90.jpg"""
14272+2015-03-16T00:15:09.836659+517+43851+663++2015-03-16T00:15:09.836694+++"""Qual local lhe parece mais agrad%C3%A1vel? Left https://contribua.org/bairros/oeste/catole/Avenida_Prefeito_Severino_Bezerra_Cabral__218_0.jpg https://contribua.org/bairros/norte/centro/Rua_Augusto_Severo__71_90.jpg"""
14273+2015-03-16T00:15:12.610523+517+43830+663++2015-03-16T00:15:12.610556+++"""Qual local lhe parece mais seguro? Left https://contribua.org/bairros/oeste/liberdade/Rua_Padre_Pedro_Serrao__207__270.jpg https://contribua.org/bairros/oeste/catole/Rua_Aluisio_Cunha_Linha__50__270.jpg"""
14277+2015-03-16T00:15:24.040027+517+43870+663++2015-03-16T00:15:24.040060+++"""Qual local lhe parece mais seguro? Left https://contribua.org/bairros/oeste/catole/Rua_Otacilio_Nepomuceno__76_0.jpg https://contribua.org/bairros/oeste/catole/Rua_Aluisio_Cunha_Linha__50__270.jpg"""
14289+2015-03-16T00:16:05.121080+517+43853+663++2015-03-16T00:16:05.121113+++"""Qual local lhe parece mais agrad%C3%A1vel? Left https://contribua.org/bairros/oeste/liberdade/Rua_Acre__635_90.jpg https://contribua.org/bairros/norte/centro/Avenida_Presidente_Joao_Pessoa__128__90.jpg"""
10354+2015-02-14T22:27:36.279014+517+43471+605++2015-02-14T22:27:36.279031+++"""Qual local lhe parece mais agrad%C3%A1vel? Left https://contribua.org/bairros/oeste/catole/Rua_Otacilio_Nepomuceno__76_0.jpg https://contribua.org/bairros/norte/centro/Avenida_Dom_Pedro_II__119_270.jpg"""
10356+2015-02-14T22:27:42.927612+517+43473+605++2015-02-14T22:27:42.927643+++"""Qual local lhe parece mais agrad%C3%A1vel? Left https://contribua.org/bairros/oeste/catole/Rua_Honorio_de_Melo__240__270.jpg https://contribua.org/bairros/norte/centro/Avenida_Presidente_Getulio_Vargas__271__270.jpg"""
10358+2015-02-14T22:27:49.278633+517+43475+605++2015-02-14T22:27:49.278666+++"""Qual local lhe parece mais seguro? Left https://contribua.org/bairros/oeste/liberdade/Rua_Padre_Pedro_Serrao__353__270.jpg https://contribua.org/bairros/oeste/liberdade/Rua_Espirito_Santo__1288__180.jpg"""
14298+2015-03-16T00:16:28.954704+517+43810+663++2015-03-16T00:16:28.954737+++"""Qual local lhe parece mais agrad%C3%A1vel? Left https://contribua.org/bairros/oeste/catole/Rua_Vigario_Calixto__1201_0.jpg https://contribua.org/bairros/norte/centro/Rua_Capitao_Joao_de_Sa__45__180.jpg"""
14320+2015-03-16T00:17:46.698081+517+43910+663++2015-03-16T00:17:46.698114+++"""Qual local lhe parece mais agrad%C3%A1vel? Left https://contribua.org/bairros/oeste/catole/Rua_Olegario_Mariano__139_0.jpg https://contribua.org/bairros/norte/centro/Rua_Doutor_Severino_Cruz__411__270.jpg"""
14321+2015-03-16T00:17:49.135402+517+43835+663++2015-03-16T00:17:49.135436+++"""Qual local lhe parece mais agrad%C3%A1vel? Left https://contribua.org/bairros/norte/centro/Rua_Quebra_Quilos__399__270.jpg https://contribua.org/bairros/norte/centro/Avenida_Dom_Pedro_II__119_90.jpg"""
10362+2015-02-15T00:29:23.593270+517+43479+606++2015-02-15T00:29:23.593285+++"""Qual local lhe parece mais agrad%C3%A1vel? Left https://contribua.org/bairros/oeste/liberdade/Rua_Odon_Bezerra__147_270.jpg https://contribua.org/bairros/norte/centro/Avenida_Barao_Rio_Branco__141_90.jpg"""
14324+2015-03-17T12:47:46.751528+517+43780+666++2015-03-17T12:47:46.751561+++"""Qual local lhe parece mais seguro? Right https://contribua.org/bairros/oeste/catole/Rua_Olegario_Mariano__139_0.jpg https://contribua.org/bairros/norte/centro/Rua_Manoel_P._de_Araujo__150_90.jpg"""
14330+2015-03-17T12:48:25.094077+517+43840+666++2015-03-17T12:48:25.094110+++"""Qual local lhe parece mais agrad%C3%A1vel? Left https://contribua.org/bairros/norte/centro/Rua_Felix_Araujo__48__270.jpg https://contribua.org/bairros/norte/centro/Avenida_Presidente_Joao_Pessoa__128__180.jpg"""
14336+2015-03-17T12:50:21.678176+517+43705+666++2015-03-17T12:50:21.678209+++"""Qual local lhe parece mais agrad%C3%A1vel? Right https://contribua.org/bairros/oeste/liberdade/Rua_Odon_Bezerra__306_90.jpg https://contribua.org/bairros/norte/centro/Avenida_Dom_Pedro_II__119_90.jpg"""
14347+2015-03-17T12:53:19.611597+517+43826+666++2015-03-17T12:53:19.611611+++"""Qual local lhe parece mais agrad%C3%A1vel? Right https://contribua.org/bairros/oeste/catole/Rua_Doutor_Antonio_Telha__235_180.jpg https://contribua.org/bairros/norte/centro/Avenida_Presidente_Joao_Pessoa__128__180.jpg"""
14380+2015-03-17T14:25:23.563602+517+43786+668++2015-03-17T14:25:23.563631+++"""Qual local lhe parece mais seguro? Left https://contribua.org/bairros/oeste/liberdade/Rua_Odon_Bezerra__147_90.jpg https://contribua.org/bairros/oeste/catole/Rua_Aluisio_Cunha_Linha__50__270.jpg"""
14397+2015-03-17T14:27:25.639960+517+43915+668++2015-03-17T14:27:25.639993+++"""Qual local lhe parece mais seguro? Right https://contribua.org/bairros/oeste/catole/Rua_Sebastiao_Vieira_da_Silva__1273__180.jpg https://contribua.org/bairros/norte/centro/Rua_Felix_Araujo__48__90.jpg"""
10371+2015-02-15T00:31:28.316323+517+43488+606++2015-02-15T00:31:28.316355+++"""Qual local lhe parece mais seguro? Right https://contribua.org/bairros/oeste/liberdade/Rua_Riachuelo__455__0.jpg https://contribua.org/bairros/oeste/liberdade/Rua_Padre_Pedro_Serrao__336__90.jpg"""
14312+2015-03-16T00:17:21.532336+517+43866+663++2015-03-16T00:17:21.532367+++"""Qual local lhe parece mais agrad%C3%A1vel? Right https://contribua.org/bairros/oeste/liberdade/Rua_Riachuelo__455__0.jpg https://contribua.org/bairros/norte/centro/Avenida_Dom_Pedro_II__119_90.jpg"""
14314+2015-03-16T00:17:27.587421+517+43724+663++2015-03-16T00:17:27.587452+++"""Qual local lhe parece mais agrad%C3%A1vel? Right https://contribua.org/bairros/norte/centro/Avenida_Dom_Pedro_II__119_90.jpg https://contribua.org/bairros/norte/centro/Avenida_Barao_Rio_Branco__141_270.jpg"""
10436+2015-02-15T00:36:48.966484+517+43553+606++2015-02-15T00:36:48.966517+++"""Qual local lhe parece mais agrad%C3%A1vel? Right https://contribua.org/bairros/oeste/liberdade/Rua_Sergipe__1337_90.jpg https://contribua.org/bairros/norte/centro/Rua_Capitao_Joao_de_Sa__45__180.jpg"""
10486+2015-02-15T00:39:21.516969+517+43603+606++2015-02-15T00:39:21.516986+++"""Qual local lhe parece mais seguro? Right https://contribua.org/bairros/oeste/catole/Rua_Sebastiao_Vieira_da_Silva__1273__180.jpg https://contribua.org/bairros/oeste/catole/Rua_Otacilio_Nepomuceno__76_90.jpg"""
10494+2015-02-15T03:11:54.897989+517+43611+608++2015-02-15T03:11:54.898020+++"""Qual local lhe parece mais seguro? Left https://contribua.org/bairros/oeste/liberdade/Rua_Padre_Pedro_Serrao__207__90.jpg https://contribua.org/bairros/oeste/catole/Rua_Cristina_Procopio_da_Silva__62__90.jpg"""
14317+2015-03-16T00:17:37.188997+517+43861+663++2015-03-16T00:17:37.189031+++"""Qual local lhe parece mais seguro? Right https://contribua.org/bairros/oeste/liberdade/Rua_Odon_Bezerra__388__90.jpg https://contribua.org/bairros/oeste/catole/Rua_Otacilio_Nepomuceno__76_0.jpg"""
14332+2015-03-17T12:48:37.865033+517+43732+666++2015-03-17T12:48:37.865079+++"""Qual local lhe parece mais agrad%C3%A1vel? Left https://contribua.org/bairros/norte/centro/Avenida_Presidente_Getulio_Vargas__210__180.jpg https://contribua.org/bairros/norte/centro/Rua_Capitao_Joao_de_Sa__45__180.jpg"""
10417+2015-02-15T00:35:33.453070+517+43534+606++2015-02-15T00:35:33.453102+++"""Qual local lhe parece mais seguro? Right https://contribua.org/bairros/oeste/liberdade/Rua_Padre_Pedro_Serrao__207__270.jpg https://contribua.org/bairros/oeste/catole/Rua_Doutor_Antonio_Telha_-_Catole__Campina_Grande__90.jpg"""
10487+2015-02-15T00:39:23.117315+517+43604+606++2015-02-15T00:39:23.117347+++"""Qual local lhe parece mais seguro? Right https://contribua.org/bairros/oeste/liberdade/Rua_Edesio_Silva__602__180.jpg https://contribua.org/bairros/oeste/catole/Rua_Inacio_Marques_da_Silva__434_90.jpg"""
14354+2015-03-17T12:53:44.602969+517+43816+666++2015-03-17T12:53:44.603000+++"""Qual local lhe parece mais agrad%C3%A1vel? Right https://contribua.org/bairros/oeste/liberdade/Rua_Odon_Bezerra__147_90.jpg https://contribua.org/bairros/norte/centro/Avenida_Presidente_Joao_Pessoa__128__180.jpg"""
14356+2015-03-17T12:53:47.551867+517+43818+666++2015-03-17T12:53:47.551885+++"""Qual local lhe parece mais seguro? Right https://contribua.org/bairros/oeste/liberdade/Rua_Riachuelo__847__180.jpg https://contribua.org/bairros/oeste/catole/Rua_Doutor_Antonio_Telha__68__90.jpg"""
14357+2015-03-17T12:53:48.390650+517+43886+666++2015-03-17T12:53:48.390667+++"""Qual local lhe parece mais agrad%C3%A1vel? Left https://contribua.org/bairros/oeste/liberdade/Rua_Severino_Pimentel__439__0.jpg https://contribua.org/bairros/norte/centro/Avenida_Barao_Rio_Branco__141_270.jpg"""
14359+2015-03-17T12:53:51.447220+517+43788+666++2015-03-17T12:53:51.447237+++"""Qual local lhe parece mais agrad%C3%A1vel? Right https://contribua.org/bairros/norte/centro/Rua_Elias_Aforas__67__180.jpg https://contribua.org/bairros/norte/centro/Rua_Augusto_Severo__71_90.jpg"""
14382+2015-03-17T14:25:34.417685+517+43787+668++2015-03-17T14:25:34.417717+++"""Qual local lhe parece mais seguro? NotKnown https://contribua.org/bairros/oeste/liberdade/Rua_Santa_Catarina__1231__180.jpg https://contribua.org/bairros/oeste/catole/Rua_Luisa_Bezerra_Mota__246_90.jpg"""
10400+2015-02-15T00:34:15.461748+517+43517+606++2015-02-15T00:34:15.461781+++"""Qual local lhe parece mais seguro? Right https://contribua.org/bairros/oeste/catole/Rua_Inacio_Marques_da_Silva__434_90.jpg https://contribua.org/bairros/oeste/catole/Rua_Doutor_Antonio_Telha__68__90.jpg"""
10411+2015-02-15T00:35:06.100594+517+43528+606++2015-02-15T00:35:06.100627+++"""Qual local lhe parece mais agrad%C3%A1vel? Left https://contribua.org/bairros/norte/centro/Rua_Doutor_Severino_Cruz__411__90.jpg https://contribua.org/bairros/norte/centro/Avenida_Barao_Rio_Branco__141_270.jpg"""
10418+2015-02-15T00:35:36.038378+517+43535+606++2015-02-15T00:35:36.038409+++"""Qual local lhe parece mais agrad%C3%A1vel? Left https://contribua.org/bairros/norte/centro/Rua_Quebra_Quilos__399__270.jpg https://contribua.org/bairros/norte/centro/Avenida_Dom_Pedro_II__500_270.jpg"""
10439+2015-02-15T00:36:57.514110+517+43556+606++2015-02-15T00:36:57.514142+++"""Qual local lhe parece mais seguro? Right https://contribua.org/bairros/oeste/liberdade/Rua_Severino_Pimentel__321__180.jpg https://contribua.org/bairros/oeste/catole/Rua_Otacilio_Nepomuceno__76_0.jpg"""
10500+2015-02-15T03:12:35.879020+517+43617+608++2015-02-15T03:12:35.879054+++"""Qual local lhe parece mais seguro? Right https://contribua.org/bairros/oeste/liberdade/Rua_Padre_Pedro_Serrao__336__270.jpg https://contribua.org/bairros/oeste/catole/Rua_Doutor_Antonio_Telha_-_Catole__Campina_Grande__90.jpg"""
14340+2015-03-17T12:50:54.204651+517+43867+666++2015-03-17T12:50:54.204684+++"""Qual local lhe parece mais agrad%C3%A1vel? NotKnown https://contribua.org/bairros/oeste/catole/Rua_Doutor_Antonio_Telha__235_0.jpg https://contribua.org/bairros/norte/centro/Avenida_Dom_Pedro_II__500_270.jpg"""
14350+2015-03-17T12:53:29.427414+517+43883+666++2015-03-17T12:53:29.427430+++"""Qual local lhe parece mais seguro? Right https://contribua.org/bairros/oeste/liberdade/Rua_Odon_Bezerra__147_270.jpg https://contribua.org/bairros/oeste/catole/Rua_Inacio_Marques_da_Silva__434_270.jpg"""
10496+2015-02-15T03:12:08.841940+517+43613+608++2015-02-15T03:12:08.841972+++"""Qual local lhe parece mais seguro? Right https://contribua.org/bairros/oeste/liberdade/Rua_Padre_Pedro_Serrao__353__270.jpg https://contribua.org/bairros/oeste/catole/Rua_Honorio_de_Melo__240__90.jpg"""
14366+2015-03-17T13:16:58.262212+517+43748+667++2015-03-17T13:16:58.262246+++"""Qual local lhe parece mais agrad%C3%A1vel? Right https://contribua.org/bairros/norte/centro/Rua_Capitao_Joao_de_Sa__45__0.jpg https://contribua.org/bairros/norte/centro/Avenida_Presidente_Joao_Pessoa__128__180.jpg"""
14370+2015-03-17T13:17:32.300620+517+43814+667++2015-03-17T13:17:32.300653+++"""Qual local lhe parece mais seguro? Left https://contribua.org/bairros/oeste/liberdade/Rua_Riachuelo__930__180.jpg https://contribua.org/bairros/oeste/catole/Rua_Inacio_Marques_da_Silva__434_90.jpg"""
14373+2015-03-17T13:18:38.592207+517+43803+667++2015-03-17T13:18:38.592239+++"""Qual local lhe parece mais seguro? Left https://contribua.org/bairros/oeste/liberdade/Rua_Odon_Bezerra__147_90.jpg https://contribua.org/bairros/oeste/catole/Rua_Otacilio_Nepomuceno__76_0.jpg"""
10410+2015-02-15T00:35:03.632540+517+43527+606++2015-02-15T00:35:03.632560+++"""Qual local lhe parece mais seguro? Left https://contribua.org/bairros/oeste/liberdade/Rua_Riachuelo__847__180.jpg https://contribua.org/bairros/norte/centro/Rua_Manoel_P._de_Araujo__150_90.jpg"""
10422+2015-02-15T00:35:51.950979+517+43539+606++2015-02-15T00:35:51.951012+++"""Qual local lhe parece mais agrad%C3%A1vel? Left https://contribua.org/bairros/oeste/liberdade/Rua_Acre__635_270.jpg https://contribua.org/bairros/norte/centro/Rua_Capitao_Joao_de_Sa__45__180.jpg"""
14401+2015-03-17T14:27:56.664637+517+43909+668++2015-03-17T14:27:56.664675+++"""Qual local lhe parece mais seguro? Right https://contribua.org/bairros/oeste/catole/Rua_Olegario_Mariano__139_180.jpg https://contribua.org/bairros/oeste/catole/Avenida_Prefeito_Severino_Bezerra_Cabral__218_90.jpg"""
10396+2015-02-15T00:33:48.572593+517+43513+606++2015-02-15T00:33:48.572624+++"""Qual local lhe parece mais agrad%C3%A1vel? Right https://contribua.org/bairros/oeste/catole/Rua_Doutor_Antonio_Telha__68__270.jpg https://contribua.org/bairros/norte/centro/Avenida_Presidente_Getulio_Vargas__271__270.jpg"""
10442+2015-02-15T00:37:06.729145+517+43559+606++2015-02-15T00:37:06.729177+++"""Qual local lhe parece mais agrad%C3%A1vel? Right https://contribua.org/bairros/oeste/liberdade/Rua_Sergipe__1337_90.jpg https://contribua.org/bairros/norte/centro/Avenida_Barao_Rio_Branco__141_270.jpg"""
10501+2015-02-15T03:12:39.180630+517+43618+608++2015-02-15T03:12:39.180699+++"""Qual local lhe parece mais seguro? Left https://contribua.org/bairros/oeste/liberdade/Rua_Sergipe__1337_0.jpg https://contribua.org/bairros/oeste/catole/Rua_Cristina_Procopio_da_Silva__62__90.jpg"""
14384+2015-03-17T14:25:44.640967+517+43880+668++2015-03-17T14:25:44.641000+++"""Qual local lhe parece mais seguro? Left https://contribua.org/bairros/oeste/liberdade/Rua_Odon_Bezerra__306_90.jpg https://contribua.org/bairros/oeste/catole/Rua_Otacilio_Nepomuceno__76_90.jpg"""
14396+2015-03-17T14:27:16.158769+517+43798+668++2015-03-17T14:27:16.158802+++"""Qual local lhe parece mais seguro? NotKnown https://contribua.org/bairros/oeste/liberdade/Rua_Severino_Pimentel__321__0.jpg https://contribua.org/bairros/oeste/catole/Rua_Luisa_Bezerra_Mota__246_270.jpg"""
14418+2015-03-17T19:38:48.111714+517+43817+576++2015-03-17T19:38:48.111747+++"""Qual local lhe parece mais agrad%C3%A1vel? Left https://contribua.org/bairros/oeste/liberdade/Rua_Odon_Bezerra__147_270.jpg https://contribua.org/bairros/norte/centro/Rua_Doutor_Severino_Cruz__411__270.jpg"""
14431+2015-03-18T00:42:01.512473+517+43900+669++2015-03-18T00:42:01.512494+++"""Qual local lhe parece mais agrad%C3%A1vel? Right https://contribua.org/bairros/norte/centro/Rua_Felix_Araujo__48__90.jpg https://contribua.org/bairros/norte/centro/Avenida_Dom_Pedro_II__500_270.jpg"""
10478+2015-02-15T00:38:59.997797+517+43595+606++2015-02-15T00:38:59.997829+++"""Qual local lhe parece mais agrad%C3%A1vel? Left https://contribua.org/bairros/norte/centro/Rua_Manoel_P._de_Araujo__150_90.jpg https://contribua.org/bairros/norte/centro/Rua_Capitao_Joao_de_Sa__45__180.jpg"""
14398+2015-03-17T14:27:32.513350+517+43819+668++2015-03-17T14:27:32.513384+++"""Qual local lhe parece mais agrad%C3%A1vel? Right https://contribua.org/bairros/oeste/liberdade/Rua_Padre_Pedro_Serrao__336__90.jpg https://contribua.org/bairros/norte/centro/Avenida_Dom_Pedro_II__500_270.jpg"""
14409+2015-03-17T14:28:31.862173+517+43793+668++2015-03-17T14:28:31.862206+++"""Qual local lhe parece mais agrad%C3%A1vel? Right https://contribua.org/bairros/norte/centro/Rua_Felix_Araujo__132__270.jpg https://contribua.org/bairros/norte/centro/Rua_Augusto_Severo__71_90.jpg"""
10469+2015-02-15T00:38:34.233235+517+43586+606++2015-02-15T00:38:34.233267+++"""Qual local lhe parece mais seguro? Left https://contribua.org/bairros/oeste/catole/Rua_Joao_Francisco_Mota__64__270.jpg https://contribua.org/bairros/norte/centro/Rua_Manoel_P._de_Araujo__150_90.jpg"""
14403+2015-03-17T14:28:13.416247+517+43847+668++2015-03-17T14:28:13.416278+++"""Qual local lhe parece mais agrad%C3%A1vel? Right https://contribua.org/bairros/oeste/catole/Rua_Luisa_Bezerra_Mota__246_90.jpg https://contribua.org/bairros/norte/centro/Avenida_Barao_Rio_Branco__141_270.jpg"""
14406+2015-03-17T14:28:22.123125+517+43907+668++2015-03-17T14:28:22.123159+++"""Qual local lhe parece mais seguro? Right https://contribua.org/bairros/oeste/liberdade/Rua_Santa_Catarina__1231__180.jpg https://contribua.org/bairros/oeste/catole/Rua_Doutor_Antonio_Telha_-_Catole__Campina_Grande__90.jpg"""
14437+2015-03-18T00:45:03.961635+517+43779+669++2015-03-18T00:45:03.961669+++"""Qual local lhe parece mais seguro? Left https://contribua.org/bairros/oeste/liberdade/Rua_Espirito_Santo__1288__180.jpg https://contribua.org/bairros/oeste/catole/Rua_Otacilio_Nepomuceno__76_0.jpg"""
10404+2015-02-15T00:34:36.945066+517+43521+606++2015-02-15T00:34:36.945098+++"""Qual local lhe parece mais seguro? Right https://contribua.org/bairros/oeste/catole/Rua_Vigario_Calixto__1201_180.jpg https://contribua.org/bairros/oeste/catole/Rua_Doutor_Antonio_Telha_-_Catole__Campina_Grande__90.jpg"""
10413+2015-02-15T00:35:14.525171+517+43530+606++2015-02-15T00:35:14.525202+++"""Qual local lhe parece mais agrad%C3%A1vel? Left https://contribua.org/bairros/norte/centro/Rua_Capitao_Joao_de_Sa__45__0.jpg https://contribua.org/bairros/norte/centro/Rua_Capitao_Joao_de_Sa__45__180.jpg"""
10458+2015-02-15T00:38:06.674787+517+43575+606++2015-02-15T00:38:06.674819+++"""Qual local lhe parece mais agrad%C3%A1vel? Right https://contribua.org/bairros/oeste/liberdade/Rua_Riachuelo__455__0.jpg https://contribua.org/bairros/norte/centro/Avenida_Dom_Pedro_II__500_270.jpg"""
10480+2015-02-15T00:39:07.375237+517+43597+606++2015-02-15T00:39:07.375270+++"""Qual local lhe parece mais agrad%C3%A1vel? Left https://contribua.org/bairros/oeste/liberdade/Rua_Odon_Bezerra__388__270.jpg https://contribua.org/bairros/norte/centro/Avenida_Presidente_Getulio_Vargas__210__180.jpg"""
10493+2015-02-15T03:11:41.116106+517+43610+608++2015-02-15T03:11:41.116139+++"""Qual local lhe parece mais agrad%C3%A1vel? Left https://contribua.org/bairros/oeste/catole/Rua_Luisa_Bezerra_Mota__246_90.jpg https://contribua.org/bairros/norte/centro/Avenida_Presidente_Joao_Pessoa__128__90.jpg"""
14422+2015-03-18T00:33:31.599503+517+43919+669++2015-03-18T00:33:31.599537+++"""Qual local lhe parece mais agrad%C3%A1vel? Left https://contribua.org/bairros/oeste/liberdade/Avenida_Assis_Chateaubriand__1334__0.jpg https://contribua.org/bairros/norte/centro/Rua_Coronel_Salvino_Figueiredo__251_270.jpg"""
14423+2015-03-18T00:33:41.735142+517+43930+669++2015-03-18T00:33:41.735174+++"""Qual local lhe parece mais seguro? Left https://contribua.org/bairros/oeste/liberdade/Rua_Padre_Pedro_Serrao__207__90.jpg https://contribua.org/bairros/oeste/catole/Rua_Olegario_Mariano__139_90.jpg"""
14432+2015-03-18T00:42:07.474252+517+43786+669++2015-03-18T00:42:07.474269+++"""Qual local lhe parece mais seguro? Left https://contribua.org/bairros/oeste/liberdade/Rua_Odon_Bezerra__147_90.jpg https://contribua.org/bairros/oeste/catole/Rua_Aluisio_Cunha_Linha__50__270.jpg"""
10502+2015-02-15T20:49:53.072560+517+43619+609++2015-02-15T20:49:53.072598+++"""Qual local lhe parece mais agrad%C3%A1vel? Left https://contribua.org/bairros/oeste/catole/Avenida_Prefeito_Severino_Bezerra_Cabral__218_0.jpg https://contribua.org/bairros/norte/centro/Rua_Capitao_Joao_de_Sa__45__180.jpg"""
10529+2015-02-15T20:51:52.591565+517+43646+609++2015-02-15T20:51:52.591598+++"""Qual local lhe parece mais seguro? NotKnown https://contribua.org/bairros/oeste/liberdade/Rua_Padre_Pedro_Serrao__207__270.jpg https://contribua.org/bairros/oeste/catole/Rua_Olegario_Mariano__139_0.jpg"""
10533+2015-02-15T20:52:02.197898+517+43650+609++2015-02-15T20:52:02.197930+++"""Qual local lhe parece mais seguro? Right https://contribua.org/bairros/oeste/liberdade/Rua_Espirito_Santo__1288__180.jpg https://contribua.org/bairros/oeste/catole/Rua_Deputado_Ascendino_Moura__101__270.jpg"""
10535+2015-02-15T20:52:13.933470+517+43652+609++2015-02-15T20:52:13.933503+++"""Qual local lhe parece mais agrad%C3%A1vel? NotKnown https://contribua.org/bairros/oeste/catole/Rua_Aluisio_Cunha_Linha__50__90.jpg https://contribua.org/bairros/norte/centro/Avenida_Presidente_Joao_Pessoa__128__90.jpg"""
10536+2015-02-15T20:52:14.855300+517+43653+609++2015-02-15T20:52:14.855331+++"""Qual local lhe parece mais agrad%C3%A1vel? NotKnown https://contribua.org/bairros/oeste/catole/Rua_Aluisio_Cunha_Linha__50__90.jpg https://contribua.org/bairros/norte/centro/Avenida_Presidente_Joao_Pessoa__128__180.jpg"""
10543+2015-02-15T21:03:44.701693+517+43660+610++2015-02-15T21:03:44.701725+++"""Qual local lhe parece mais seguro? Right https://contribua.org/bairros/oeste/liberdade/Rua_Padre_Pedro_Serrao__353__90.jpg https://contribua.org/bairros/oeste/catole/Avenida_Prefeito_Severino_Bezerra_Cabral__218_90.jpg"""
10565+2015-02-15T21:06:08.118995+517+43682+610++2015-02-15T21:06:08.119029+++"""Qual local lhe parece mais seguro? Left https://contribua.org/bairros/oeste/liberdade/Avenida_Assis_Chateaubriand__1334__0.jpg https://contribua.org/bairros/oeste/catole/Rua_Luisa_Bezerra_Mota__246_270.jpg"""
10566+2015-02-15T21:06:11.312100+517+43683+610++2015-02-15T21:06:11.312132+++"""Qual local lhe parece mais agrad%C3%A1vel? Right https://contribua.org/bairros/oeste/liberdade/Rua_Santa_Catarina__1231__0.jpg https://contribua.org/bairros/norte/centro/Avenida_Barao_Rio_Branco__141_270.jpg"""
10503+2015-02-15T20:49:57.639227+517+43620+609++2015-02-15T20:49:57.639264+++"""Qual local lhe parece mais agrad%C3%A1vel? Right https://contribua.org/bairros/oeste/liberdade/Rua_Odon_Bezerra__306_90.jpg https://contribua.org/bairros/norte/centro/Rua_Doutor_Severino_Cruz__411__270.jpg"""
10507+2015-02-15T20:50:11.150270+517+43624+609++2015-02-15T20:50:11.150303+++"""Qual local lhe parece mais agrad%C3%A1vel? Left https://contribua.org/bairros/oeste/liberdade/Rua_Espirito_Santo__1288__180.jpg https://contribua.org/bairros/norte/centro/Avenida_Dom_Pedro_II__500_270.jpg"""
10508+2015-02-15T20:50:13.495498+517+43625+609++2015-02-15T20:50:13.495531+++"""Qual local lhe parece mais agrad%C3%A1vel? Left https://contribua.org/bairros/oeste/catole/Rua_Inacio_Marques_da_Silva__434_270.jpg https://contribua.org/bairros/norte/centro/Avenida_Presidente_Joao_Pessoa__128__90.jpg"""
10523+2015-02-15T20:51:40.634698+517+43640+609++2015-02-15T20:51:40.634733+++"""{age=18|sex=Feminino|class=M\u00e9dia (R$ 2.900 a R$ 7.249,99)|educ=Gradua\u00e7\u00e3o|city=Campina Grande - State of Para\u00edba, Brazil|time=5|rel=Solteiro|neig=cen;cat} Qual local lhe parece mais seguro? Right https://contribua.org/bairros/oeste/catole/Rua_Sebastiao_Vieira_da_Silva__1273__180.jpg https://contribua.org/bairros/norte/centro/Rua_Manoel_P._de_Araujo__150_90.jpg"""
10557+2015-02-15T21:05:28.739595+517+43674+610++2015-02-15T21:05:28.739629+++"""Qual local lhe parece mais seguro? Right https://contribua.org/bairros/oeste/liberdade/Rua_Padre_Pedro_Serrao__207__90.jpg https://contribua.org/bairros/oeste/catole/Rua_Deputado_Ascendino_Moura__101__270.jpg"""
10558+2015-02-15T21:05:44.716688+517+43675+610++2015-02-15T21:05:44.716720+++"""{age=27|sex=Masculino|class=M\u00e9dia Baixa (R$ 1.450 a R$ 2.899,99)|educ=Gradua\u00e7\u00e3o|city=Campina Grande - State of Para\u00edba, Brazil|time=27|rel=Solteiro|neig=cen;lib;cat} Qual local lhe parece mais seguro? Left https://contribua.org/bairros/oeste/liberdade/Rua_Odon_Bezerra__147_270.jpg https://contribua.org/bairros/oeste/catole/Rua_Aluisio_Cunha_Linha__50__90.jpg"""
10562+2015-02-15T21:05:58.039166+517+43679+610++2015-02-15T21:05:58.039200+++"""Qual local lhe parece mais agrad%C3%A1vel? Right https://contribua.org/bairros/norte/centro/Rua_Felix_Araujo__132__90.jpg https://contribua.org/bairros/norte/centro/Avenida_Dom_Pedro_II__119_90.jpg"""
10567+2015-02-15T21:06:19.813438+517+43684+610++2015-02-15T21:06:19.813472+++"""Qual local lhe parece mais seguro? NotKnown https://contribua.org/bairros/oeste/liberdade/Rua_Espirito_Santo__1288__0.jpg https://contribua.org/bairros/oeste/catole/Rua_Inacio_Marques_da_Silva__434_270.jpg"""
10518+2015-02-15T20:51:18.485156+517+43635+609++2015-02-15T20:51:18.485188+++"""Qual local lhe parece mais seguro? Left https://contribua.org/bairros/oeste/catole/Rua_Joao_Francisco_Mota__64__270.jpg https://contribua.org/bairros/oeste/catole/Rua_Otacilio_Nepomuceno__76_90.jpg"""
10556+2015-02-15T21:05:24.568911+517+43673+610++2015-02-15T21:05:24.568942+++"""Qual local lhe parece mais agrad%C3%A1vel? Right https://contribua.org/bairros/oeste/catole/Rua_Sebastiao_Vieira_da_Silva__1273__180.jpg https://contribua.org/bairros/norte/centro/Rua_Doutor_Severino_Cruz__411__270.jpg"""
10588+2015-02-15T21:08:02.171666+517+43705+610++2015-02-15T21:08:02.171699+++"""Qual local lhe parece mais agrad%C3%A1vel? Right https://contribua.org/bairros/oeste/liberdade/Rua_Odon_Bezerra__306_90.jpg https://contribua.org/bairros/norte/centro/Avenida_Dom_Pedro_II__119_90.jpg"""
10547+2015-02-15T21:04:01.262535+517+43664+610++2015-02-15T21:04:01.262569+++"""Qual local lhe parece mais agrad%C3%A1vel? Left https://contribua.org/bairros/oeste/liberdade/Rua_Sergipe__1337_0.jpg https://contribua.org/bairros/norte/centro/Rua_Capitao_Joao_de_Sa__45__0.jpg"""
10548+2015-02-15T21:04:50.959331+517+43665+610++2015-02-15T21:04:50.959364+++"""{age=27|sex=Masculino|class=M\u00e9dia Baixa (R$ 1.450 a R$ 2.899,99)|educ=Gradua\u00e7\u00e3o|city=Campina Grande - State of Para\u00edba, Brazil|time=27|rel=Solteiro|neig=} Qual local lhe parece mais seguro? Right https://contribua.org/bairros/oeste/catole/Rua_Luisa_Bezerra_Mota__246_90.jpg https://contribua.org/bairros/oeste/catole/Rua_Honorio_de_Melo__240__90.jpg"""
10549+2015-02-15T21:04:57.137443+517+43666+610++2015-02-15T21:04:57.137476+++"""Qual local lhe parece mais seguro? Right https://contribua.org/bairros/oeste/catole/Rua_Sebastiao_Vieira_da_Silva__1273__180.jpg https://contribua.org/bairros/oeste/catole/Rua_Cristina_Procopio_da_Silva__62__90.jpg"""
10579+2015-02-15T21:07:17.901788+517+43696+610++2015-02-15T21:07:17.901821+++"""Qual local lhe parece mais seguro? Left https://contribua.org/bairros/oeste/liberdade/Rua_Padre_Pedro_Serrao__207__90.jpg https://contribua.org/bairros/oeste/catole/Rua_Otacilio_Nepomuceno__76_90.jpg"""
10594+2015-02-15T21:08:32.894160+517+43711+610++2015-02-15T21:08:32.894193+++"""Qual local lhe parece mais seguro? Left https://contribua.org/bairros/oeste/catole/Rua_Doutor_Antonio_Telha_-_Catole__Campina_Grande__90.jpg https://contribua.org/bairros/oeste/catole/Rua_Aluisio_Cunha_Linha__50__90.jpg"""
10595+2015-02-15T21:08:38.847277+517+43712+610++2015-02-15T21:08:38.847310+++"""Qual local lhe parece mais seguro? Right https://contribua.org/bairros/oeste/liberdade/Rua_Espirito_Santo__1288__0.jpg https://contribua.org/bairros/oeste/catole/Rua_Doutor_Antonio_Telha_-_Catole__Campina_Grande__90.jpg"""
10638+2015-02-15T23:23:29.827981+517+43755+612++2015-02-15T23:23:29.828014+++"""Qual local lhe parece mais agrad%C3%A1vel? Left https://contribua.org/bairros/oeste/catole/Rua_Honorio_de_Melo__240__90.jpg https://contribua.org/bairros/norte/centro/Rua_Capitao_Joao_de_Sa__45__180.jpg"""
10653+2015-02-15T23:27:01.403325+517+43770+612++2015-02-15T23:27:01.403356+++"""Qual local lhe parece mais agrad%C3%A1vel? Left https://contribua.org/bairros/oeste/catole/Rua_Doutor_Antonio_Telha_-_Catole__Campina_Grande__270.jpg https://contribua.org/bairros/norte/centro/Avenida_Dom_Pedro_II__119_90.jpg"""
10656+2015-02-15T23:27:27.179852+517+43773+612++2015-02-15T23:27:27.179885+++"""Qual local lhe parece mais agrad%C3%A1vel? Left https://contribua.org/bairros/oeste/liberdade/Rua_Odon_Bezerra__306_270.jpg https://contribua.org/bairros/norte/centro/Rua_Capitao_Joao_de_Sa__45__180.jpg"""
10684+2015-02-15T23:31:18.483060+517+43799+511++2015-02-15T23:31:18.483078+++"""Qual local lhe parece mais agrad%C3%A1vel? Right https://contribua.org/bairros/norte/centro/Rua_Augusto_Severo__71_0.jpg https://contribua.org/bairros/norte/centro/Rua_Doutor_Severino_Cruz__411__270.jpg"""
10705+2015-02-15T23:34:40.068637+517+43820+511++2015-02-15T23:34:40.068671+++"""Qual local lhe parece mais seguro? NotKnown https://contribua.org/bairros/oeste/catole/Rua_Luisa_Bezerra_Mota__246_270.jpg https://contribua.org/bairros/oeste/catole/Avenida_Prefeito_Severino_Bezerra_Cabral__218_90.jpg"""
10628+2015-02-15T23:09:48.673719+517+43745+611++2015-02-15T23:09:48.673751+++"""Qual local lhe parece mais agrad%C3%A1vel? Left https://contribua.org/bairros/oeste/liberdade/Rua_Severino_Pimentel__321__180.jpg https://contribua.org/bairros/norte/centro/Avenida_Dom_Pedro_II__119_90.jpg"""
10631+2015-02-15T23:10:04.163770+517+43748+611++2015-02-15T23:10:04.163802+++"""Qual local lhe parece mais agrad%C3%A1vel? Right https://contribua.org/bairros/norte/centro/Rua_Capitao_Joao_de_Sa__45__0.jpg https://contribua.org/bairros/norte/centro/Avenida_Presidente_Joao_Pessoa__128__180.jpg"""
10677+2015-02-15T23:29:43.398060+517+43794+612++2015-02-15T23:29:43.398093+++"""Qual local lhe parece mais seguro? Left https://contribua.org/bairros/oeste/liberdade/Avenida_Assis_Chateaubriand__1334__0.jpg https://contribua.org/bairros/oeste/catole/Rua_Aluisio_Cunha_Linha__50__270.jpg"""
10685+2015-02-15T23:31:28.469115+517+43800+511++2015-02-15T23:31:28.469147+++"""Qual local lhe parece mais agrad%C3%A1vel? NotKnown https://contribua.org/bairros/norte/centro/Rua_Augusto_Severo__71_90.jpg https://contribua.org/bairros/norte/centro/Rua_Capitao_Joao_de_Sa__45__180.jpg"""
10686+2015-02-15T23:31:34.255367+517+43801+511++2015-02-15T23:31:34.255400+++"""Qual local lhe parece mais agrad%C3%A1vel? NotKnown https://contribua.org/bairros/norte/centro/Rua_Joao_da_Mata__490_270.jpg https://contribua.org/bairros/norte/centro/Rua_Capitao_Joao_de_Sa__45__0.jpg"""
10634+2015-02-15T23:23:08.467773+517+43751+612++2015-02-15T23:23:08.467805+++"""Qual local lhe parece mais agrad%C3%A1vel? Left https://contribua.org/bairros/norte/centro/Rua_Quebra_Quilos__399__90.jpg https://contribua.org/bairros/norte/centro/Avenida_Presidente_Joao_Pessoa__128__180.jpg"""
10635+2015-02-15T23:23:12.212788+517+43752+612++2015-02-15T23:23:12.212822+++"""Qual local lhe parece mais agrad%C3%A1vel? Right https://contribua.org/bairros/norte/centro/Rua_Capitao_Joao_de_Sa__45__0.jpg https://contribua.org/bairros/norte/centro/Avenida_Barao_Rio_Branco__141_270.jpg"""
10649+2015-02-15T23:26:37.013795+517+43766+612++2015-02-15T23:26:37.013829+++"""Qual local lhe parece mais seguro? Right https://contribua.org/bairros/oeste/liberdade/Rua_Odon_Bezerra__147_270.jpg https://contribua.org/bairros/norte/centro/Rua_Manoel_P._de_Araujo__150_90.jpg"""
10669+2015-02-15T23:28:45.988405+517+43786+612++2015-02-15T23:28:45.988498+++"""Qual local lhe parece mais seguro? Left https://contribua.org/bairros/oeste/liberdade/Rua_Odon_Bezerra__147_90.jpg https://contribua.org/bairros/oeste/catole/Rua_Aluisio_Cunha_Linha__50__270.jpg"""
10681+2015-02-15T23:30:29.530495+517+43796+613++2015-02-15T23:30:29.530528+++"""Qual local lhe parece mais seguro? Left https://contribua.org/bairros/oeste/liberdade/Rua_Severino_Pimentel__439__180.jpg https://contribua.org/bairros/oeste/catole/Rua_Aluisio_Cunha_Linha__50__270.jpg"""
10702+2015-02-15T23:33:59.140265+517+43817+511++2015-02-15T23:33:59.140298+++"""Qual local lhe parece mais agrad%C3%A1vel? Right https://contribua.org/bairros/oeste/liberdade/Rua_Odon_Bezerra__147_270.jpg https://contribua.org/bairros/norte/centro/Rua_Doutor_Severino_Cruz__411__270.jpg"""
10736+2015-02-15T23:37:27.498616+517+43848+511++2015-02-15T23:37:27.498651+++"""Qual local lhe parece mais agrad%C3%A1vel? Left https://contribua.org/bairros/oeste/catole/Rua_Cristina_Procopio_da_Silva__62__90.jpg https://contribua.org/bairros/norte/centro/Avenida_Presidente_Getulio_Vargas__210__180.jpg"""
10737+2015-02-15T23:37:33.119883+517+43849+511++2015-02-15T23:37:33.119916+++"""Qual local lhe parece mais seguro? NotKnown https://contribua.org/bairros/oeste/liberdade/Avenida_Assis_Chateaubriand__1334__0.jpg https://contribua.org/bairros/oeste/catole/Avenida_Prefeito_Severino_Bezerra_Cabral__218_90.jpg"""
10626+2015-02-15T23:09:33.477356+517+43743+611++2015-02-15T23:09:33.477390+++"""Qual local lhe parece mais seguro? Right https://contribua.org/bairros/oeste/liberdade/Rua_Espirito_Santo__1288__180.jpg https://contribua.org/bairros/oeste/catole/Rua_Luisa_Bezerra_Mota__246_270.jpg"""
10627+2015-02-15T23:09:36.002430+517+43744+611++2015-02-15T23:09:36.002462+++"""Qual local lhe parece mais agrad%C3%A1vel? Right https://contribua.org/bairros/norte/centro/Rua_Manoel_P._de_Araujo__150_90.jpg https://contribua.org/bairros/norte/centro/Avenida_Presidente_Joao_Pessoa__128__90.jpg"""
10641+2015-02-15T23:23:50.698722+517+43758+612++2015-02-15T23:23:50.698754+++"""Qual local lhe parece mais seguro? Right https://contribua.org/bairros/oeste/liberdade/Rua_Severino_Pimentel__321__0.jpg https://contribua.org/bairros/oeste/catole/Rua_Inacio_Marques_da_Silva__434_270.jpg"""
10646+2015-02-15T23:26:13.934344+517+43763+612++2015-02-15T23:26:13.934377+++"""Qual local lhe parece mais seguro? Right https://contribua.org/bairros/oeste/catole/Rua_Otacilio_Nepomuceno__76_0.jpg https://contribua.org/bairros/oeste/catole/Rua_Luisa_Bezerra_Mota__246_270.jpg"""
10650+2015-02-15T23:26:42.703753+517+43767+612++2015-02-15T23:26:42.703786+++"""Qual local lhe parece mais seguro? Left https://contribua.org/bairros/oeste/catole/Rua_Joao_Francisco_Mota__64__270.jpg https://contribua.org/bairros/oeste/catole/Rua_Inacio_Marques_da_Silva__434_270.jpg"""
10673+2015-02-15T23:29:13.589411+517+43790+612++2015-02-15T23:29:13.589444+++"""Qual local lhe parece mais agrad%C3%A1vel? Right https://contribua.org/bairros/oeste/liberdade/Avenida_Assis_Chateaubriand__1334__0.jpg https://contribua.org/bairros/norte/centro/Avenida_Barao_Rio_Branco__141_270.jpg"""
10679+2015-02-15T23:30:15.377591+517+43794+511++2015-02-15T23:30:15.377624+++"""Qual local lhe parece mais seguro? Left https://contribua.org/bairros/oeste/liberdade/Avenida_Assis_Chateaubriand__1334__0.jpg https://contribua.org/bairros/oeste/catole/Rua_Aluisio_Cunha_Linha__50__270.jpg"""
10714+2015-02-15T23:35:32.764545+517+43829+511++2015-02-15T23:35:32.764579+++"""Qual local lhe parece mais seguro? Left https://contribua.org/bairros/oeste/liberdade/Rua_Odon_Bezerra__147_90.jpg https://contribua.org/bairros/oeste/catole/Rua_Inacio_Marques_da_Silva__434_90.jpg"""
10715+2015-02-15T23:35:37.142399+517+43830+511++2015-02-15T23:35:37.142433+++"""Qual local lhe parece mais seguro? NotKnown https://contribua.org/bairros/oeste/liberdade/Rua_Padre_Pedro_Serrao__207__270.jpg https://contribua.org/bairros/oeste/catole/Rua_Aluisio_Cunha_Linha__50__270.jpg"""
10756+2015-02-16T17:55:34.464188+517+43868+614++2015-02-16T17:55:34.464258+++"""Qual local lhe parece mais seguro? Right https://contribua.org/bairros/oeste/catole/Rua_Otacilio_Nepomuceno__76_0.jpg https://contribua.org/bairros/oeste/catole/Rua_Doutor_Antonio_Telha_-_Catole__Campina_Grande__90.jpg"""
10781+2015-02-16T22:49:35.324882+517+43893+615++2015-02-16T22:49:35.324926+++"""Qual local lhe parece mais seguro? Left https://contribua.org/bairros/oeste/catole/Rua_Doutor_Antonio_Telha__68__90.jpg https://contribua.org/bairros/oeste/catole/Rua_Cristina_Procopio_da_Silva__62__90.jpg"""
10787+2015-02-16T22:51:38.099991+517+43899+615++2015-02-16T22:51:38.100024+++"""{age=27|sex=Masculino|class=M\u00e9dia (R $ 2,900 a R $ 7.249,99)|educ=Mestrado|city=Campina Grande - Para\u00edba, Brasil|time=27|rel=Solteiro|neig=cen;lib;cat} Qual local lhe parece mais agrad%C3%A1vel? Left https://contribua.org/bairros/norte/centro/Avenida_Dom_Pedro_II__500_90.jpg https://contribua.org/bairros/norte/centro/Rua_Capitao_Joao_de_Sa__45__0.jpg"""
10795+2015-02-16T22:54:00.564762+517+43907+615++2015-02-16T22:54:00.564795+++"""Qual local lhe parece mais seguro? Left https://contribua.org/bairros/oeste/liberdade/Rua_Santa_Catarina__1231__180.jpg https://contribua.org/bairros/oeste/catole/Rua_Doutor_Antonio_Telha_-_Catole__Campina_Grande__90.jpg"""
10687+2015-02-15T23:31:41.115525+517+43802+511++2015-02-15T23:31:41.115558+++"""Qual local lhe parece mais agrad%C3%A1vel? Right https://contribua.org/bairros/norte/centro/Rua_Elias_Aforas__67__0.jpg https://contribua.org/bairros/norte/centro/Avenida_Barao_Rio_Branco__141_270.jpg"""
10695+2015-02-15T23:33:12.658455+517+43810+511++2015-02-15T23:33:12.658488+++"""Qual local lhe parece mais agrad%C3%A1vel? Left https://contribua.org/bairros/oeste/catole/Rua_Vigario_Calixto__1201_0.jpg https://contribua.org/bairros/norte/centro/Rua_Capitao_Joao_de_Sa__45__180.jpg"""
10707+2015-02-15T23:34:54.537346+517+43822+511++2015-02-15T23:34:54.537377+++"""Qual local lhe parece mais seguro? Right https://contribua.org/bairros/oeste/liberdade/Rua_Santa_Catarina__1231__0.jpg https://contribua.org/bairros/oeste/catole/Rua_Honorio_de_Melo__240__90.jpg"""
10718+2015-02-15T23:35:59.008967+517+43833+511++2015-02-15T23:35:59.009000+++"""Qual local lhe parece mais seguro? NotKnown https://contribua.org/bairros/oeste/catole/Avenida_Prefeito_Severino_Bezerra_Cabral__218_90.jpg https://contribua.org/bairros/oeste/catole/Rua_Deputado_Ascendino_Moura__101__270.jpg"""
10738+2015-02-15T23:37:43.923845+517+43850+511++2015-02-15T23:37:43.923878+++"""Qual local lhe parece mais seguro? Left https://contribua.org/bairros/oeste/catole/Rua_Vigario_Calixto__1201_180.jpg https://contribua.org/bairros/oeste/catole/Rua_Inacio_Marques_da_Silva__434_90.jpg"""
10744+2015-02-15T23:38:13.637245+517+43856+511++2015-02-15T23:38:13.637277+++"""Qual local lhe parece mais agrad%C3%A1vel? Left https://contribua.org/bairros/oeste/liberdade/Rua_Sergipe__1337_0.jpg https://contribua.org/bairros/norte/centro/Avenida_Presidente_Getulio_Vargas__210__180.jpg"""
10765+2015-02-16T17:56:48.231682+517+43877+614++2015-02-16T17:56:48.231714+++"""{age=25|sex=Masculino|class=M\u00e9dia (R$ 2.900 a R$ 7.249,99)|educ=Gradua\u00e7\u00e3o|city=Campina Grande - Para\u00edba, Brasil|time=25|rel=Solteiro|neig=} Qual local lhe parece mais seguro? Left https://contribua.org/bairros/oeste/liberdade/Rua_Espirito_Santo__1288__0.jpg https://contribua.org/bairros/oeste/catole/Rua_Joao_Francisco_Mota__64__270.jpg"""
10775+2015-02-16T17:57:23.528610+517+43887+614++2015-02-16T17:57:23.528643+++"""{age=25|sex=Masculino|class=M\u00e9dia (R$ 2.900 a R$ 7.249,99)|educ=Gradua\u00e7\u00e3o|city=Campina Grande - Para\u00edba, Brasil|time=25|rel=Solteiro|neig=cen;cat} Qual local lhe parece mais agrad%C3%A1vel? Right https://contribua.org/bairros/oeste/catole/Rua_Honorio_de_Melo__240__90.jpg https://contribua.org/bairros/norte/centro/Avenida_Presidente_Joao_Pessoa__128__90.jpg"""
10776+2015-02-16T22:47:33.759086+517+43888+615++2015-02-16T22:47:33.759119+++"""Qual local lhe parece mais seguro? NotKnown https://contribua.org/bairros/oeste/liberdade/Rua_Padre_Pedro_Serrao__353__270.jpg https://contribua.org/bairros/oeste/catole/Rua_Aluisio_Cunha_Linha__50__90.jpg"""
10732+2015-02-15T23:37:07.574852+517+43844+511++2015-02-15T23:37:07.574886+++"""Qual local lhe parece mais seguro? NotKnown https://contribua.org/bairros/oeste/catole/Rua_Olegario_Mariano__139_270.jpg https://contribua.org/bairros/oeste/catole/Rua_Otacilio_Nepomuceno__76_90.jpg"""
10733+2015-02-15T23:37:10.890449+517+43845+511++2015-02-15T23:37:10.890482+++"""Qual local lhe parece mais agrad%C3%A1vel? Right https://contribua.org/bairros/norte/centro/Rua_Felix_Araujo__132__270.jpg https://contribua.org/bairros/norte/centro/Rua_Doutor_Severino_Cruz__411__270.jpg"""
10734+2015-02-15T23:37:13.557808+517+43846+511++2015-02-15T23:37:13.557841+++"""Qual local lhe parece mais seguro? Left https://contribua.org/bairros/oeste/liberdade/Rua_Severino_Pimentel__321__0.jpg https://contribua.org/bairros/oeste/catole/Rua_Olegario_Mariano__139_0.jpg"""
10750+2015-02-15T23:38:48.000768+517+43862+511++2015-02-15T23:38:48.000802+++"""Qual local lhe parece mais seguro? NotKnown https://contribua.org/bairros/oeste/catole/Rua_Vigario_Calixto__1201_180.jpg https://contribua.org/bairros/oeste/catole/Avenida_Prefeito_Severino_Bezerra_Cabral__218_90.jpg"""
10780+2015-02-16T22:49:23.936167+517+43892+615++2015-02-16T22:49:23.936209+++"""Qual local lhe parece mais seguro? Left https://contribua.org/bairros/oeste/catole/Rua_Olegario_Mariano__139_0.jpg https://contribua.org/bairros/oeste/catole/Avenida_Prefeito_Severino_Bezerra_Cabral__218_90.jpg"""
10807+2015-02-16T22:55:56.411088+517+43918+615++2015-02-16T22:55:56.411121+++"""Qual local lhe parece mais seguro? Left https://contribua.org/bairros/oeste/catole/Rua_Honorio_de_Melo__240__90.jpg https://contribua.org/bairros/norte/centro/Rua_Quebra_Quilos__399__270.jpg"""
10762+2015-02-16T17:55:59.475709+517+43874+614++2015-02-16T17:55:59.475743+++"""Qual local lhe parece mais seguro? Left https://contribua.org/bairros/oeste/liberdade/Rua_Riachuelo__847__180.jpg https://contribua.org/bairros/oeste/catole/Rua_Aluisio_Cunha_Linha__50__90.jpg"""
10794+2015-02-16T22:53:51.620173+517+43906+615++2015-02-16T22:53:51.620207+++"""Qual local lhe parece mais seguro? Left https://contribua.org/bairros/oeste/catole/Rua_Vigario_Calixto__1201_0.jpg https://contribua.org/bairros/oeste/catole/Rua_Deputado_Ascendino_Moura__101__270.jpg"""
10804+2015-02-16T22:55:24.190631+517+43916+615++2015-02-16T22:55:24.190664+++"""Qual local lhe parece mais seguro? Right https://contribua.org/bairros/oeste/liberdade/Rua_Espirito_Santo__1288__0.jpg https://contribua.org/bairros/norte/centro/Rua_Manoel_P._de_Araujo__150_270.jpg"""
10813+2015-02-16T22:56:36.531946+517+43924+615++2015-02-16T22:56:36.531980+++"""Qual local lhe parece mais seguro? NotKnown https://contribua.org/bairros/oeste/liberdade/Rua_Riachuelo__455__0.jpg https://contribua.org/bairros/oeste/catole/Rua_Olegario_Mariano__139_90.jpg"""
10815+2015-02-16T22:57:30.708704+517+43926+615++2015-02-16T22:57:30.708736+++"""Qual local lhe parece mais seguro? Right https://contribua.org/bairros/oeste/catole/Rua_Inacio_Marques_da_Silva__434_90.jpg https://contribua.org/bairros/oeste/liberdade/Rua_Edesio_Silva__602__0.jpg"""
10840+2015-02-17T15:40:19.692680+517+43945+537++2015-02-17T15:40:19.692712+++"""Qual local lhe parece mais seguro? NotKnown https://contribua.org/bairros/oeste/catole/Rua_Olegario_Mariano__139_0.jpg https://contribua.org/bairros/oeste/catole/Rua_Doutor_Antonio_Telha_-_Catole__Campina_Grande__270.jpg"""
10777+2015-02-16T22:47:50.141730+517+43889+615++2015-02-16T22:47:50.141763+++"""Qual local lhe parece mais seguro? Right https://contribua.org/bairros/oeste/liberdade/Rua_Espirito_Santo__1288__0.jpg https://contribua.org/bairros/norte/centro/Rua_Manoel_P._de_Araujo__150_90.jpg"""
10798+2015-02-16T22:54:33.722239+517+43910+615++2015-02-16T22:54:33.722272+++"""Qual local lhe parece mais agrad%C3%A1vel? Left https://contribua.org/bairros/oeste/catole/Rua_Olegario_Mariano__139_0.jpg https://contribua.org/bairros/norte/centro/Rua_Doutor_Severino_Cruz__411__270.jpg"""
10827+2015-02-17T13:41:52.140708+517+43932+596++2015-02-17T13:41:52.140740+++"""Qual local lhe parece mais agrad%C3%A1vel? Right https://contribua.org/bairros/oeste/catole/Rua_Inacio_Marques_da_Silva__434_90.jpg https://contribua.org/bairros/norte/centro/Rua_Doutor_Severino_Cruz__411__90.jpg"""
10816+2015-02-16T23:06:02.408561+517+43927+615++2015-02-16T23:06:02.408594+++"""Qual local lhe parece mais agrad%C3%A1vel? Left https://contribua.org/bairros/oeste/catole/Rua_Aluisio_Cunha_Linha__50__90.jpg https://contribua.org/bairros/norte/centro/Avenida_Presidente_Getulio_Vargas__210__0.jpg"""
10855+2015-02-17T15:42:01.931820+517+43960+537++2015-02-17T15:42:01.931854+++"""Qual local lhe parece mais seguro? Left https://contribua.org/bairros/oeste/liberdade/Rua_Padre_Pedro_Serrao__336__270.jpg https://contribua.org/bairros/oeste/catole/Rua_Doutor_Antonio_Telha__68__270.jpg"""
10880+2015-02-17T15:57:42.379703+517+43985+537++2015-02-17T15:57:42.379737+++"""Qual local lhe parece mais seguro? Left https://contribua.org/bairros/oeste/liberdade/Rua_Severino_Pimentel__511_90.jpg https://contribua.org/bairros/norte/centro/Rua_Quebra_Quilos__399__270.jpg"""
10882+2015-02-17T15:57:48.374922+517+43987+537++2015-02-17T15:57:48.374955+++"""Qual local lhe parece mais agrad%C3%A1vel? Right https://contribua.org/bairros/oeste/catole/Rua_Doutor_Antonio_Telha_-_Catole__Campina_Grande__270.jpg https://contribua.org/bairros/norte/centro/Rua_Felix_Araujo__132__270.jpg"""
10883+2015-02-17T15:57:50.839205+517+43988+537++2015-02-17T15:57:50.839237+++"""Qual local lhe parece mais agrad%C3%A1vel? Right https://contribua.org/bairros/oeste/liberdade/Rua_Espirito_Santo__1288__180.jpg https://contribua.org/bairros/norte/centro/Rua_Elias_Aforas__67__0.jpg"""
10936+2015-02-17T17:16:33.168861+517+44041+617++2015-02-17T17:16:33.168893+++"""Qual local lhe parece mais seguro? Right https://contribua.org/bairros/oeste/catole/Rua_Cristina_Procopio_da_Silva__62__270.jpg https://contribua.org/bairros/norte/centro/Rua_Quebra_Quilos__399__90.jpg"""
10828+2015-02-17T13:41:56.893219+517+43933+596++2015-02-17T13:41:56.893253+++"""Qual local lhe parece mais agrad%C3%A1vel? Right https://contribua.org/bairros/oeste/catole/Rua_Deputado_Ascendino_Moura__101__270.jpg https://contribua.org/bairros/norte/centro/Rua_Elias_Aforas__67__0.jpg"""
10829+2015-02-17T13:42:00.303864+517+43934+596++2015-02-17T13:42:00.303898+++"""Qual local lhe parece mais seguro? Right https://contribua.org/bairros/oeste/liberdade/Rua_Severino_Pimentel__439__0.jpg https://contribua.org/bairros/norte/centro/Rua_Quebra_Quilos__399__270.jpg"""
10830+2015-02-17T13:42:04.228744+517+43935+596++2015-02-17T13:42:04.228777+++"""Qual local lhe parece mais seguro? Left https://contribua.org/bairros/oeste/liberdade/Rua_Padre_Pedro_Serrao__207__90.jpg https://contribua.org/bairros/oeste/catole/Rua_Doutor_Antonio_Telha__68__270.jpg"""
10833+2015-02-17T13:42:17.734579+517+43938+596++2015-02-17T13:42:17.734613+++"""Qual local lhe parece mais seguro? Right https://contribua.org/bairros/oeste/liberdade/Rua_Odon_Bezerra__306_90.jpg https://contribua.org/bairros/oeste/catole/Rua_Doutor_Antonio_Telha_-_Catole__Campina_Grande__270.jpg"""
10849+2015-02-17T15:41:32.031885+517+43954+537++2015-02-17T15:41:32.031902+++"""Qual local lhe parece mais agrad%C3%A1vel? Right https://contribua.org/bairros/norte/centro/Rua_Manoel_P._de_Araujo__150_270.jpg https://contribua.org/bairros/norte/centro/Rua_Augusto_Severo__71_0.jpg"""
10875+2015-02-17T15:56:57.442760+517+43980+537++2015-02-17T15:56:57.442777+++"""Qual local lhe parece mais seguro? Right https://contribua.org/bairros/oeste/liberdade/Rua_Santa_Catarina__1231__0.jpg https://contribua.org/bairros/norte/centro/Rua_Quebra_Quilos__399__90.jpg"""
10895+2015-02-17T17:02:47.312980+517+44000+606++2015-02-17T17:02:47.313014+++"""Qual local lhe parece mais seguro? Left https://contribua.org/bairros/oeste/catole/Rua_Doutor_Antonio_Telha__235_0.jpg https://contribua.org/bairros/oeste/catole/Rua_Cristina_Procopio_da_Silva__62__270.jpg"""
10841+2015-02-17T15:40:23.898186+517+43946+537++2015-02-17T15:40:23.898203+++"""Qual local lhe parece mais seguro? Right https://contribua.org/bairros/oeste/liberdade/Rua_Espirito_Santo__1288__180.jpg https://contribua.org/bairros/oeste/catole/Rua_Doutor_Antonio_Telha_-_Catole__Campina_Grande__270.jpg"""
10864+2015-02-17T15:42:37.630728+517+43969+537++2015-02-17T15:42:37.630768+++"""Qual local lhe parece mais agrad%C3%A1vel? Left https://contribua.org/bairros/norte/centro/Rua_Pedro_Alvares_Cabral__129_180.jpg https://contribua.org/bairros/norte/centro/Rua_Coronel_Salvino_Figueiredo__251_270.jpg"""
10884+2015-02-17T15:58:02.235896+517+43989+537++2015-02-17T15:58:02.235929+++"""Qual local lhe parece mais agrad%C3%A1vel? Left https://contribua.org/bairros/oeste/catole/Rua_Doutor_Antonio_Telha__235_180.jpg https://contribua.org/bairros/norte/centro/Rua_Augusto_Severo__71_0.jpg"""
10890+2015-02-17T17:02:29.040504+517+43995+606++2015-02-17T17:02:29.040552+++"""Qual local lhe parece mais agrad%C3%A1vel? Left https://contribua.org/bairros/oeste/liberdade/Rua_Riachuelo__455__0.jpg https://contribua.org/bairros/norte/centro/Avenida_Presidente_Getulio_Vargas__210__0.jpg"""
10935+2015-02-17T17:16:27.899705+517+44040+617++2015-02-17T17:16:27.899738+++"""Qual local lhe parece mais agrad%C3%A1vel? Right https://contribua.org/bairros/norte/centro/Rua_Manoel_P._de_Araujo__370_0.jpg https://contribua.org/bairros/norte/centro/Rua_Felix_Araujo__132__270.jpg"""
10903+2015-02-17T17:03:14.927947+517+44008+606++2015-02-17T17:03:14.927980+++"""Qual local lhe parece mais seguro? Right https://contribua.org/bairros/oeste/liberdade/Rua_Acre__635_90.jpg https://contribua.org/bairros/oeste/catole/Rua_Doutor_Antonio_Telha__235_0.jpg"""
10908+2015-02-17T17:03:40.811342+517+44013+606++2015-02-17T17:03:40.811363+++"""Qual local lhe parece mais agrad%C3%A1vel? Left https://contribua.org/bairros/oeste/liberdade/Rua_Severino_Pimentel__511_270.jpg https://contribua.org/bairros/norte/centro/Rua_Augusto_Severo__71_0.jpg"""
10925+2015-02-17T17:12:53.356160+517+44030+606++2015-02-17T17:12:53.356192+++"""Qual local lhe parece mais agrad%C3%A1vel? Left https://contribua.org/bairros/oeste/liberdade/Rua_Odon_Bezerra__306_270.jpg https://contribua.org/bairros/norte/centro/Rua_Elias_Aforas__202_0.jpg"""
10927+2015-02-17T17:12:59.192053+517+44032+606++2015-02-17T17:12:59.192085+++"""Qual local lhe parece mais seguro? Left https://contribua.org/bairros/oeste/liberdade/Rua_Severino_Pimentel__439__180.jpg https://contribua.org/bairros/oeste/catole/Rua_Doutor_Antonio_Telha__68__270.jpg"""
10928+2015-02-17T17:13:10.778639+517+44033+606++2015-02-17T17:13:10.778671+++"""Qual local lhe parece mais seguro? Left https://contribua.org/bairros/oeste/catole/Rua_Vigario_Calixto__1201_0.jpg https://contribua.org/bairros/norte/centro/Rua_Felix_Araujo__48__90.jpg"""
10939+2015-02-17T17:17:01.528969+517+44044+617++2015-02-17T17:17:01.528991+++"""Qual local lhe parece mais seguro? Left https://contribua.org/bairros/oeste/liberdade/Avenida_Assis_Chateaubriand__1334__180.jpg https://contribua.org/bairros/oeste/catole/Rua_Cristina_Procopio_da_Silva__62__270.jpg"""
10951+2015-02-17T17:20:49.089378+517+44056+617++2015-02-17T17:20:49.089415+++"""Qual local lhe parece mais agrad%C3%A1vel? Right https://contribua.org/bairros/norte/centro/Rua_Felix_Araujo__132__90.jpg https://contribua.org/bairros/norte/centro/Rua_Coronel_Salvino_Figueiredo__251_90.jpg"""
10901+2015-02-17T17:03:10.369993+517+44006+606++2015-02-17T17:03:10.370026+++"""Qual local lhe parece mais seguro? Left https://contribua.org/bairros/oeste/catole/Rua_Honorio_de_Melo__240__270.jpg https://contribua.org/bairros/norte/centro/Rua_Pedro_Alvares_Cabral__129_180.jpg"""
10924+2015-02-17T17:04:39.204915+517+44029+606++2015-02-17T17:04:39.204949+++"""Qual local lhe parece mais seguro? Right https://contribua.org/bairros/oeste/liberdade/Rua_Riachuelo__847__0.jpg https://contribua.org/bairros/oeste/catole/Rua_Honorio_de_Melo__240__270.jpg"""
10930+2015-02-17T17:15:43.162796+517+44035+617++2015-02-17T17:15:43.162829+++"""Qual local lhe parece mais seguro? Right https://contribua.org/bairros/oeste/liberdade/Avenida_Assis_Chateaubriand__1334__0.jpg https://contribua.org/bairros/oeste/liberdade/Rua_Edesio_Silva__602__0.jpg"""
10952+2015-02-17T17:20:54.645578+517+44057+617++2015-02-17T17:20:54.645594+++"""Qual local lhe parece mais agrad%C3%A1vel? Right https://contribua.org/bairros/oeste/catole/Rua_Sebastiao_Vieira_da_Silva__1273__180.jpg https://contribua.org/bairros/norte/centro/Rua_Elias_Aforas__202_0.jpg"""
14459+2015-03-18T00:48:34.754383+517+43868+669++2015-03-18T00:48:34.754416+++"""Qual local lhe parece mais seguro? Right https://contribua.org/bairros/oeste/catole/Rua_Otacilio_Nepomuceno__76_0.jpg https://contribua.org/bairros/oeste/catole/Rua_Doutor_Antonio_Telha_-_Catole__Campina_Grande__90.jpg"""
14466+2015-03-18T00:49:01.268300+517+43948+669++2015-03-18T00:49:01.268317+++"""Qual local lhe parece mais seguro? Left https://contribua.org/bairros/oeste/catole/Rua_Inacio_Marques_da_Silva__434_270.jpg https://contribua.org/bairros/norte/centro/Rua_Felix_Araujo__48__90.jpg"""
10969+2015-02-17T17:23:41.028250+517+44074+617++2015-02-17T17:23:41.028286+++"""Qual local lhe parece mais agrad%C3%A1vel? NotKnown https://contribua.org/bairros/oeste/catole/Rua_Doutor_Antonio_Telha__235_0.jpg https://contribua.org/bairros/norte/centro/Rua_Augusto_Severo__71_0.jpg"""
14454+2015-03-18T00:48:15.245719+517+43956+669++2015-03-18T00:48:15.245752+++"""Qual local lhe parece mais agrad%C3%A1vel? Left https://contribua.org/bairros/oeste/liberdade/Rua_Riachuelo__847__180.jpg https://contribua.org/bairros/norte/centro/Rua_Augusto_Severo__71_0.jpg"""
14487+2015-03-18T00:51:08.033060+517+43695+669++2015-03-18T00:51:08.033077+++"""Qual local lhe parece mais agrad%C3%A1vel? Left https://contribua.org/bairros/oeste/liberdade/Rua_Espirito_Santo__1288__180.jpg https://contribua.org/bairros/norte/centro/Rua_Augusto_Severo__71_90.jpg"""
10973+2015-02-17T17:24:26.621404+517+44078+617++2015-02-17T17:24:26.621436+++"""Qual local lhe parece mais agrad%C3%A1vel? Left https://contribua.org/bairros/oeste/catole/Rua_Otacilio_Nepomuceno__76_90.jpg https://contribua.org/bairros/norte/centro/Rua_Capitao_Joao_de_Sa__45__0.jpg"""
14480+2015-03-18T00:50:44.015018+517+43925+669++2015-03-18T00:50:44.015034+++"""Qual local lhe parece mais seguro? Left https://contribua.org/bairros/oeste/catole/Avenida_Prefeito_Severino_Bezerra_Cabral__218_90.jpg https://contribua.org/bairros/oeste/catole/Rua_Doutor_Antonio_Telha_-_Catole__Campina_Grande__270.jpg"""
14482+2015-03-18T00:50:50.637172+517+43953+669++2015-03-18T00:50:50.637201+++"""Qual local lhe parece mais agrad%C3%A1vel? Left https://contribua.org/bairros/norte/centro/Rua_Doutor_Severino_Cruz__411__90.jpg https://contribua.org/bairros/norte/centro/Avenida_Presidente_Getulio_Vargas__210__0.jpg"""
14494+2015-03-18T00:51:43.374174+517+43942+669++2015-03-18T00:51:43.374191+++"""Qual local lhe parece mais seguro? Left https://contribua.org/bairros/oeste/liberdade/Rua_Severino_Pimentel__439__180.jpg https://contribua.org/bairros/norte/centro/Rua_Pedro_Alvares_Cabral__129_90.jpg"""
14504+2015-03-18T00:52:38.025903+517+43951+669++2015-03-18T00:52:38.025920+++"""Qual local lhe parece mais agrad%C3%A1vel? Right https://contribua.org/bairros/oeste/catole/Rua_Doutor_Antonio_Telha__235_180.jpg https://contribua.org/bairros/norte/centro/Rua_Coronel_Salvino_Figueiredo__251_90.jpg"""
14517+2015-03-18T00:53:37.964369+517+44024+669++2015-03-18T00:53:37.964383+++"""Qual local lhe parece mais agrad%C3%A1vel? Right https://contribua.org/bairros/norte/centro/Rua_Manoel_P._de_Araujo__370_0.jpg https://contribua.org/bairros/norte/centro/Rua_Elias_Aforas__67__180.jpg"""
14563+2015-03-18T00:57:22.797642+517+43841+669++2015-03-18T00:57:22.797678+++"""Qual local lhe parece mais seguro? Left https://contribua.org/bairros/oeste/liberdade/Rua_Severino_Pimentel__439__0.jpg https://contribua.org/bairros/oeste/catole/Rua_Aluisio_Cunha_Linha__50__270.jpg"""
14491+2015-03-18T00:51:21.618302+517+43833+669++2015-03-18T00:51:21.618335+++"""Qual local lhe parece mais seguro? Left https://contribua.org/bairros/oeste/catole/Avenida_Prefeito_Severino_Bezerra_Cabral__218_90.jpg https://contribua.org/bairros/oeste/catole/Rua_Deputado_Ascendino_Moura__101__270.jpg"""
14522+2015-03-18T00:53:53.427956+517+43938+669++2015-03-18T00:53:53.428000+++"""Qual local lhe parece mais seguro? Left https://contribua.org/bairros/oeste/liberdade/Rua_Odon_Bezerra__306_90.jpg https://contribua.org/bairros/oeste/catole/Rua_Doutor_Antonio_Telha_-_Catole__Campina_Grande__270.jpg"""
14554+2015-03-18T00:57:04.126256+517+44012+669++2015-03-18T00:57:04.126288+++"""Qual local lhe parece mais seguro? NotKnown https://contribua.org/bairros/oeste/liberdade/Rua_Severino_Pimentel__511_270.jpg https://contribua.org/bairros/norte/centro/Rua_Quebra_Quilos__399__90.jpg"""
14557+2015-03-18T00:57:09.058606+517+44040+669++2015-03-18T00:57:09.058639+++"""Qual local lhe parece mais agrad%C3%A1vel? NotKnown https://contribua.org/bairros/norte/centro/Rua_Manoel_P._de_Araujo__370_0.jpg https://contribua.org/bairros/norte/centro/Rua_Felix_Araujo__132__270.jpg"""
14558+2015-03-18T00:57:10.162681+517+44036+669++2015-03-18T00:57:10.162714+++"""Qual local lhe parece mais agrad%C3%A1vel? NotKnown https://contribua.org/bairros/norte/centro/Rua_Manoel_P._de_Araujo__150_270.jpg https://contribua.org/bairros/norte/centro/Rua_Felix_Araujo__132__270.jpg"""
14562+2015-03-18T00:57:16.762810+517+44058+669++2015-03-18T00:57:16.762843+++"""Qual local lhe parece mais agrad%C3%A1vel? NotKnown https://contribua.org/bairros/oeste/liberdade/Rua_Odon_Bezerra__306_90.jpg https://contribua.org/bairros/norte/centro/Rua_Elias_Aforas__67__0.jpg"""
14564+2015-03-18T00:57:31.472577+517+44034+669++2015-03-18T00:57:31.472610+++"""Qual local lhe parece mais agrad%C3%A1vel? Left https://contribua.org/bairros/oeste/liberdade/Rua_Severino_Pimentel__439__0.jpg https://contribua.org/bairros/norte/centro/Avenida_Presidente_Getulio_Vargas__210__0.jpg"""
10987+2015-02-17T17:28:03.751119+517+44092+617++2015-02-17T17:28:03.751154+++"""Qual local lhe parece mais seguro? Left https://contribua.org/bairros/oeste/catole/Rua_Honorio_de_Melo__240__90.jpg https://contribua.org/bairros/oeste/liberdade/Rua_Edesio_Silva__602__0.jpg"""
11012+2015-02-17T17:33:02.037938+517+44117+617++2015-02-17T17:33:02.037971+++"""Qual local lhe parece mais agrad%C3%A1vel? Left https://contribua.org/bairros/oeste/catole/Avenida_Prefeito_Severino_Bezerra_Cabral__218_0.jpg https://contribua.org/bairros/norte/centro/Avenida_Presidente_Getulio_Vargas__210__0.jpg"""
11034+2015-02-17T17:35:02.127101+517+44139+617++2015-02-17T17:35:02.127118+++"""Qual local lhe parece mais seguro? Left https://contribua.org/bairros/oeste/catole/Rua_Luisa_Bezerra_Mota__246_90.jpg https://contribua.org/bairros/norte/centro/Rua_Manoel_P._de_Araujo__150_270.jpg"""
10992+2015-02-17T17:28:56.229157+517+44097+617++2015-02-17T17:28:56.229190+++"""Qual local lhe parece mais seguro? Right https://contribua.org/bairros/oeste/catole/Rua_Otacilio_Nepomuceno__76_0.jpg https://contribua.org/bairros/oeste/catole/Rua_Doutor_Antonio_Telha_-_Catole__Campina_Grande__270.jpg"""
11004+2015-02-17T17:30:27.746478+517+44109+617++2015-02-17T17:30:27.746511+++"""Qual local lhe parece mais seguro? Right https://contribua.org/bairros/oeste/liberdade/Rua_Acre__635_90.jpg https://contribua.org/bairros/oeste/liberdade/Rua_Edesio_Silva__602__0.jpg"""
11024+2015-02-17T17:34:12.171151+517+44129+617++2015-02-17T17:34:12.171188+++"""Qual local lhe parece mais seguro? NotKnown https://contribua.org/bairros/oeste/catole/Rua_Inacio_Marques_da_Silva__434_90.jpg https://contribua.org/bairros/oeste/catole/Rua_Doutor_Antonio_Telha__68__270.jpg"""
11055+2015-02-17T17:44:05.014991+517+44160+617++2015-02-17T17:44:05.015025+++"""Qual local lhe parece mais agrad%C3%A1vel? Left https://contribua.org/bairros/oeste/liberdade/Rua_Riachuelo__847__180.jpg https://contribua.org/bairros/norte/centro/Rua_Felix_Araujo__132__270.jpg"""
10985+2015-02-17T17:27:05.935898+517+44090+617++2015-02-17T17:27:05.935931+++"""Qual local lhe parece mais agrad%C3%A1vel? Left https://contribua.org/bairros/oeste/catole/Avenida_Prefeito_Severino_Bezerra_Cabral__218_0.jpg https://contribua.org/bairros/norte/centro/Rua_Augusto_Severo__71_0.jpg"""
10990+2015-02-17T17:28:32.844503+517+44095+617++2015-02-17T17:28:32.844542+++"""Qual local lhe parece mais seguro? Right https://contribua.org/bairros/oeste/catole/Rua_Doutor_Antonio_Telha__68__90.jpg https://contribua.org/bairros/oeste/catole/Rua_Olegario_Mariano__139_90.jpg"""
11020+2015-02-17T17:33:49.858044+517+44125+617++2015-02-17T17:33:49.858076+++"""Qual local lhe parece mais seguro? Right https://contribua.org/bairros/oeste/liberdade/Rua_Espirito_Santo__1288__0.jpg https://contribua.org/bairros/oeste/catole/Rua_Olegario_Mariano__139_90.jpg"""
11063+2015-02-17T17:45:37.686919+517+44168+617++2015-02-17T17:45:37.686952+++"""Qual local lhe parece mais agrad%C3%A1vel? Right https://contribua.org/bairros/norte/centro/Rua_Pedro_Alvares_Cabral__129_180.jpg https://contribua.org/bairros/norte/centro/Rua_Coronel_Salvino_Figueiredo__251_90.jpg"""
11069+2015-02-17T17:47:41.845164+517+44174+617++2015-02-17T17:47:41.845197+++"""Qual local lhe parece mais agrad%C3%A1vel? Right https://contribua.org/bairros/norte/centro/Rua_Quebra_Quilos__399__270.jpg https://contribua.org/bairros/norte/centro/Rua_Coronel_Salvino_Figueiredo__251_270.jpg"""
11115+2015-02-17T17:57:28.705202+517+44220+617++2015-02-17T17:57:28.705233+++"""Qual local lhe parece mais seguro? Left https://contribua.org/bairros/oeste/liberdade/Rua_Espirito_Santo__1288__0.jpg https://contribua.org/bairros/oeste/catole/Rua_Cristina_Procopio_da_Silva__62__270.jpg"""
11008+2015-02-17T17:30:45.387743+517+44113+617++2015-02-17T17:30:45.387777+++"""Qual local lhe parece mais agrad%C3%A1vel? Left https://contribua.org/bairros/oeste/liberdade/Rua_Severino_Pimentel__511_90.jpg https://contribua.org/bairros/norte/centro/Rua_Elias_Aforas__202_0.jpg"""
11014+2015-02-17T17:33:13.092795+517+44119+617++2015-02-17T17:33:13.092828+++"""Qual local lhe parece mais agrad%C3%A1vel? Right https://contribua.org/bairros/norte/centro/Rua_Quebra_Quilos__399__90.jpg https://contribua.org/bairros/norte/centro/Rua_Coronel_Salvino_Figueiredo__251_270.jpg"""
11017+2015-02-17T17:33:23.200539+517+44122+617++2015-02-17T17:33:23.200572+++"""Qual local lhe parece mais seguro? Right https://contribua.org/bairros/oeste/liberdade/Rua_Edesio_Silva__602__180.jpg https://contribua.org/bairros/norte/centro/Rua_Quebra_Quilos__399__270.jpg"""
11021+2015-02-17T17:33:54.386988+517+44126+617++2015-02-17T17:33:54.387020+++"""Qual local lhe parece mais agrad%C3%A1vel? Left https://contribua.org/bairros/oeste/catole/Avenida_Prefeito_Severino_Bezerra_Cabral__218_90.jpg https://contribua.org/bairros/norte/centro/Rua_Felix_Araujo__132__270.jpg"""
11023+2015-02-17T17:34:02.311316+517+44128+617++2015-02-17T17:34:02.311348+++"""Qual local lhe parece mais seguro? Left https://contribua.org/bairros/norte/centro/Rua_Quebra_Quilos__399__270.jpg https://contribua.org/bairros/oeste/catole/Rua_Doutor_Antonio_Telha__235_0.jpg"""
11042+2015-02-17T17:35:48.368372+517+44147+617++2015-02-17T17:35:48.368406+++"""Qual local lhe parece mais agrad%C3%A1vel? Right https://contribua.org/bairros/oeste/catole/Rua_Doutor_Antonio_Telha_-_Catole__Campina_Grande__90.jpg https://contribua.org/bairros/norte/centro/Rua_Elias_Aforas__67__0.jpg"""
11084+2015-02-17T17:51:24.849684+517+44189+617++2015-02-17T17:51:24.849717+++"""Qual local lhe parece mais agrad%C3%A1vel? Left https://contribua.org/bairros/oeste/catole/Rua_Aluisio_Cunha_Linha__50__270.jpg https://contribua.org/bairros/norte/centro/Avenida_Dom_Pedro_II__500_90.jpg"""
11110+2015-02-17T17:56:42.954209+517+44215+617++2015-02-17T17:56:42.954241+++"""Qual local lhe parece mais seguro? Right https://contribua.org/bairros/norte/centro/Rua_Pedro_Alvares_Cabral__129_90.jpg https://contribua.org/bairros/oeste/catole/Rua_Olegario_Mariano__139_90.jpg"""
11132+2015-02-17T17:59:38.317563+517+44237+617++2015-02-17T17:59:38.317595+++"""Qual local lhe parece mais agrad%C3%A1vel? NotKnown https://contribua.org/bairros/norte/centro/Rua_Manoel_P._de_Araujo__150_270.jpg https://contribua.org/bairros/norte/centro/Avenida_Presidente_Getulio_Vargas__210__0.jpg"""
11156+2015-02-17T18:04:24.305944+517+44261+617++2015-02-17T18:04:24.305975+++"""Qual local lhe parece mais agrad%C3%A1vel? Right https://contribua.org/bairros/oeste/liberdade/Rua_Espirito_Santo__1288__180.jpg https://contribua.org/bairros/norte/centro/Rua_Coronel_Salvino_Figueiredo__251_90.jpg"""
11163+2015-02-17T18:05:38.225017+517+44268+617++2015-02-17T18:05:38.225049+++"""Qual local lhe parece mais seguro? Left https://contribua.org/bairros/oeste/liberdade/Avenida_Assis_Chateaubriand__1334__0.jpg https://contribua.org/bairros/norte/centro/Rua_Quebra_Quilos__399__90.jpg"""
11164+2015-02-17T18:05:44.127442+517+44269+617++2015-02-17T18:05:44.127475+++"""Qual local lhe parece mais seguro? Left https://contribua.org/bairros/oeste/catole/Rua_Inacio_Marques_da_Silva__434_90.jpg https://contribua.org/bairros/oeste/catole/Rua_Doutor_Antonio_Telha__235_0.jpg"""
11171+2015-02-17T18:06:37.770123+517+44276+617++2015-02-17T18:06:37.770156+++"""Qual local lhe parece mais seguro? Right https://contribua.org/bairros/oeste/liberdade/Rua_Espirito_Santo__1288__0.jpg https://contribua.org/bairros/oeste/catole/Rua_Joao_Francisco_Mota__64__90.jpg"""
11174+2015-02-17T18:07:16.413306+517+44279+617++2015-02-17T18:07:16.413339+++"""Qual local lhe parece mais seguro? Right https://contribua.org/bairros/oeste/liberdade/Rua_Odon_Bezerra__147_270.jpg https://contribua.org/bairros/norte/centro/Rua_Quebra_Quilos__399__90.jpg"""
11180+2015-02-17T18:08:30.537802+517+44285+617++2015-02-17T18:08:30.537836+++"""Qual local lhe parece mais seguro? Left https://contribua.org/bairros/oeste/catole/Rua_Honorio_de_Melo__240__270.jpg https://contribua.org/bairros/oeste/catole/Rua_Doutor_Antonio_Telha__68__270.jpg"""
11098+2015-02-17T17:54:15.489587+517+44203+617++2015-02-17T17:54:15.489619+++"""Qual local lhe parece mais seguro? Right https://contribua.org/bairros/oeste/catole/Rua_Luisa_Bezerra_Mota__246_90.jpg https://contribua.org/bairros/oeste/catole/Rua_Olegario_Mariano__139_90.jpg"""
11107+2015-02-17T17:56:15.314517+517+44212+617++2015-02-17T17:56:15.314548+++"""Qual local lhe parece mais agrad%C3%A1vel? Right https://contribua.org/bairros/norte/centro/Rua_Elias_Aforas__67__0.jpg https://contribua.org/bairros/norte/centro/Rua_Coronel_Salvino_Figueiredo__251_270.jpg"""
11086+2015-02-17T17:52:10.926300+517+44191+617++2015-02-17T17:52:10.926333+++"""Qual local lhe parece mais seguro? Left https://contribua.org/bairros/oeste/liberdade/Rua_Padre_Pedro_Serrao__353__90.jpg https://contribua.org/bairros/norte/centro/Rua_Manoel_P._de_Araujo__150_270.jpg"""
11088+2015-02-17T17:52:28.533621+517+44193+617++2015-02-17T17:52:28.533653+++"""Qual local lhe parece mais agrad%C3%A1vel? Left https://contribua.org/bairros/oeste/liberdade/Rua_Espirito_Santo__1288__0.jpg https://contribua.org/bairros/norte/centro/Rua_Felix_Araujo__132__270.jpg"""
11091+2015-02-17T17:53:08.634074+517+44196+617++2015-02-17T17:53:08.634107+++"""Qual local lhe parece mais seguro? Right https://contribua.org/bairros/oeste/catole/Rua_Olegario_Mariano__139_180.jpg https://contribua.org/bairros/oeste/liberdade/Rua_Edesio_Silva__602__0.jpg"""
11105+2015-02-17T17:55:43.382557+517+44210+617++2015-02-17T17:55:43.382591+++"""Qual local lhe parece mais agrad%C3%A1vel? Right https://contribua.org/bairros/oeste/liberdade/Rua_Riachuelo__847__0.jpg https://contribua.org/bairros/norte/centro/Rua_Coronel_Salvino_Figueiredo__251_270.jpg"""
11144+2015-02-17T18:02:03.366477+517+44249+617++2015-02-17T18:02:03.366509+++"""Qual local lhe parece mais agrad%C3%A1vel? Right https://contribua.org/bairros/oeste/liberdade/Rua_Odon_Bezerra__388__270.jpg https://contribua.org/bairros/norte/centro/Rua_Elias_Aforas__202_0.jpg"""
11181+2015-02-17T18:08:37.868551+517+44286+617++2015-02-17T18:08:37.868584+++"""Qual local lhe parece mais agrad%C3%A1vel? Left https://contribua.org/bairros/norte/centro/Rua_Quebra_Quilos__399__270.jpg https://contribua.org/bairros/norte/centro/Rua_Coronel_Salvino_Figueiredo__251_90.jpg"""
11182+2015-02-17T18:08:51.551253+517+44287+617++2015-02-17T18:08:51.551286+++"""Qual local lhe parece mais agrad%C3%A1vel? Right https://contribua.org/bairros/oeste/catole/Rua_Sebastiao_Vieira_da_Silva__1273__180.jpg https://contribua.org/bairros/norte/centro/Rua_Coronel_Salvino_Figueiredo__251_270.jpg"""
11122+2015-02-17T17:58:23.234078+517+44227+617++2015-02-17T17:58:23.234112+++"""Qual local lhe parece mais seguro? Right https://contribua.org/bairros/oeste/liberdade/Rua_Sergipe__1337_90.jpg https://contribua.org/bairros/oeste/catole/Rua_Honorio_de_Melo__240__270.jpg"""
11138+2015-02-17T18:01:04.446787+517+44243+617++2015-02-17T18:01:04.446821+++"""Qual local lhe parece mais agrad%C3%A1vel? Right https://contribua.org/bairros/norte/centro/Rua_Coronel_Salvino_Figueiredo__251_270.jpg https://contribua.org/bairros/norte/centro/Rua_Elias_Aforas__67__180.jpg"""
11141+2015-02-17T18:01:38.500441+517+44246+617++2015-02-17T18:01:38.500530+++"""Qual local lhe parece mais seguro? Left https://contribua.org/bairros/oeste/liberdade/Rua_Riachuelo__930__0.jpg https://contribua.org/bairros/oeste/catole/Rua_Doutor_Antonio_Telha__235_0.jpg"""
11142+2015-02-17T18:01:43.275114+517+44247+617++2015-02-17T18:01:43.275147+++"""Qual local lhe parece mais seguro? Left https://contribua.org/bairros/oeste/catole/Rua_Aluisio_Cunha_Linha__50__90.jpg https://contribua.org/bairros/oeste/catole/Rua_Cristina_Procopio_da_Silva__62__270.jpg"""
11145+2015-02-17T18:02:09.515200+517+44250+617++2015-02-17T18:02:09.515233+++"""Qual local lhe parece mais seguro? Right https://contribua.org/bairros/oeste/liberdade/Rua_Riachuelo__930__180.jpg https://contribua.org/bairros/oeste/catole/Rua_Joao_Francisco_Mota__64__90.jpg"""
11165+2015-02-17T18:05:55.192435+517+44270+617++2015-02-17T18:05:55.192523+++"""Qual local lhe parece mais agrad%C3%A1vel? NotKnown https://contribua.org/bairros/oeste/liberdade/Rua_Sergipe__1337_90.jpg https://contribua.org/bairros/norte/centro/Rua_Felix_Araujo__132__270.jpg"""
11127+2015-02-17T17:58:45.392090+517+44232+617++2015-02-17T17:58:45.392123+++"""Qual local lhe parece mais agrad%C3%A1vel? Right https://contribua.org/bairros/oeste/catole/Rua_Doutor_Antonio_Telha_-_Catole__Campina_Grande__90.jpg https://contribua.org/bairros/norte/centro/Rua_Coronel_Salvino_Figueiredo__251_270.jpg"""
11130+2015-02-17T17:59:15.397125+517+44235+617++2015-02-17T17:59:15.397159+++"""Qual local lhe parece mais agrad%C3%A1vel? Left https://contribua.org/bairros/norte/centro/Rua_Felix_Araujo__48__90.jpg https://contribua.org/bairros/norte/centro/Rua_Elias_Aforas__67__0.jpg"""
11136+2015-02-17T18:00:11.442100+517+44241+617++2015-02-17T18:00:11.442132+++"""Qual local lhe parece mais seguro? Left https://contribua.org/bairros/oeste/catole/Rua_Inacio_Marques_da_Silva__434_270.jpg https://contribua.org/bairros/norte/centro/Rua_Pedro_Alvares_Cabral__129_180.jpg"""
11157+2015-02-17T18:04:45.288166+517+44262+617++2015-02-17T18:04:45.288200+++"""Qual local lhe parece mais agrad%C3%A1vel? Right https://contribua.org/bairros/oeste/catole/Rua_Sebastiao_Vieira_da_Silva__1273__0.jpg https://contribua.org/bairros/norte/centro/Rua_Elias_Aforas__67__180.jpg"""
11204+2015-02-17T18:13:12.393723+517+44309+617++2015-02-17T18:13:12.393736+++"""Qual local lhe parece mais seguro? Right https://contribua.org/bairros/oeste/catole/Rua_Sebastiao_Vieira_da_Silva__1273__180.jpg https://contribua.org/bairros/norte/centro/Rua_Quebra_Quilos__399__270.jpg"""
11190+2015-02-17T18:10:26.954841+517+44295+617++2015-02-17T18:10:26.954874+++"""Qual local lhe parece mais seguro? Right https://contribua.org/bairros/oeste/catole/Rua_Luisa_Bezerra_Mota__246_270.jpg https://contribua.org/bairros/oeste/catole/Rua_Honorio_de_Melo__240__270.jpg"""
11228+2015-02-17T18:16:27.574801+517+44333+617++2015-02-17T18:16:27.574833+++"""Qual local lhe parece mais seguro? Left https://contribua.org/bairros/oeste/liberdade/Rua_Riachuelo__847__180.jpg https://contribua.org/bairros/norte/centro/Rua_Manoel_P._de_Araujo__370_180.jpg"""
11236+2015-02-17T18:17:27.113973+517+44341+617++2015-02-17T18:17:27.114006+++"""Qual local lhe parece mais seguro? Right https://contribua.org/bairros/oeste/catole/Rua_Vigario_Calixto__1201_0.jpg https://contribua.org/bairros/oeste/catole/Avenida_Prefeito_Severino_Bezerra_Cabral__218_0.jpg"""
11214+2015-02-17T18:14:11.121718+517+44319+617++2015-02-17T18:14:11.121751+++"""Qual local lhe parece mais seguro? Left https://contribua.org/bairros/oeste/liberdade/Rua_Padre_Pedro_Serrao__336__270.jpg https://contribua.org/bairros/norte/centro/Rua_Felix_Araujo__132__90.jpg"""
11210+2015-02-17T18:13:51.882824+517+44315+617++2015-02-17T18:13:51.882863+++"""Qual local lhe parece mais agrad%C3%A1vel? Right https://contribua.org/bairros/oeste/liberdade/Rua_Padre_Pedro_Serrao__353__90.jpg https://contribua.org/bairros/norte/centro/Rua_Doutor_Severino_Cruz__411__90.jpg"""
11211+2015-02-17T18:13:56.345180+517+44316+617++2015-02-17T18:13:56.345198+++"""Qual local lhe parece mais agrad%C3%A1vel? Left https://contribua.org/bairros/norte/centro/Rua_Joao_da_Mata__490_270.jpg https://contribua.org/bairros/norte/centro/Rua_Manoel_P._de_Araujo__370_180.jpg"""
11225+2015-02-17T18:16:08.084692+517+44330+617++2015-02-17T18:16:08.084726+++"""Qual local lhe parece mais seguro? Left https://contribua.org/bairros/oeste/catole/Rua_Doutor_Antonio_Telha_-_Catole__Campina_Grande__90.jpg https://contribua.org/bairros/norte/centro/Rua_Joao_da_Mata__490_90.jpg"""
11226+2015-02-17T18:16:12.348881+517+44331+617++2015-02-17T18:16:12.348916+++"""Qual local lhe parece mais agrad%C3%A1vel? Left https://contribua.org/bairros/oeste/liberdade/Rua_Edesio_Silva__602__0.jpg https://contribua.org/bairros/norte/centro/Rua_Joao_da_Mata__490_90.jpg"""
11217+2015-02-17T18:14:52.714316+517+44322+617++2015-02-17T18:14:52.714349+++"""Qual local lhe parece mais seguro? NotKnown https://contribua.org/bairros/norte/centro/Rua_Pedro_Alvares_Cabral__129_180.jpg https://contribua.org/bairros/norte/centro/Rua_Manoel_P._de_Araujo__370_0.jpg"""
11239+2015-02-17T18:17:41.087837+517+44344+617++2015-02-17T18:17:41.087877+++"""Qual local lhe parece mais seguro? Left https://contribua.org/bairros/oeste/catole/Rua_Doutor_Antonio_Telha__235_180.jpg https://contribua.org/bairros/norte/centro/Rua_Joao_da_Mata__490_90.jpg"""
11263+2015-02-17T18:20:35.271545+517+44368+617++2015-02-17T18:20:35.271576+++"""Qual local lhe parece mais agrad%C3%A1vel? Left https://contribua.org/bairros/oeste/catole/Rua_Joao_Francisco_Mota__64__270.jpg https://contribua.org/bairros/norte/centro/Rua_Pedro_Alvares_Cabral__129_90.jpg"""
11244+2015-02-17T18:18:09.528173+517+44349+617++2015-02-17T18:18:09.528205+++"""Qual local lhe parece mais agrad%C3%A1vel? Right https://contribua.org/bairros/oeste/catole/Rua_Doutor_Antonio_Telha__235_0.jpg https://contribua.org/bairros/norte/centro/Rua_Joao_da_Mata__490_270.jpg"""
11255+2015-02-17T18:19:38.040064+517+44360+617++2015-02-17T18:19:38.040100+++"""Qual local lhe parece mais agrad%C3%A1vel? Left https://contribua.org/bairros/oeste/catole/Rua_Vigario_Calixto__1201_180.jpg https://contribua.org/bairros/norte/centro/Rua_Pedro_Alvares_Cabral__129_90.jpg"""
11281+2015-02-17T18:22:34.901247+517+44386+617++2015-02-17T18:22:34.901280+++"""Qual local lhe parece mais agrad%C3%A1vel? Left https://contribua.org/bairros/oeste/catole/Rua_Inacio_Marques_da_Silva__434_270.jpg https://contribua.org/bairros/norte/centro/Rua_Pedro_Alvares_Cabral__129_180.jpg"""
11282+2015-02-17T18:22:47.806515+517+44387+617++2015-02-17T18:22:47.806548+++"""Qual local lhe parece mais seguro? Right https://contribua.org/bairros/oeste/liberdade/Rua_Santa_Catarina__1231__180.jpg https://contribua.org/bairros/norte/centro/Rua_Doutor_Severino_Cruz__411__270.jpg"""
11290+2015-02-17T18:23:49.351240+517+44395+617++2015-02-17T18:23:49.351273+++"""Qual local lhe parece mais agrad%C3%A1vel? Left https://contribua.org/bairros/oeste/liberdade/Rua_Severino_Pimentel__511_90.jpg https://contribua.org/bairros/norte/centro/Rua_Manoel_P._de_Araujo__370_0.jpg"""
15474+2015-03-23T22:09:24.745567+517+44405+689++2015-03-23T22:09:24.745601+++"""Qual local lhe parece mais agrad%C3%A1vel? Left https://contribua.org/bairros/oeste/liberdade/Rua_Severino_Pimentel__439__180.jpg https://contribua.org/bairros/norte/centro/Rua_Pedro_Alvares_Cabral__129_90.jpg"""
15544+2015-03-23T22:19:24.466196+517+44358+688++2015-03-23T22:19:24.466228+++"""Qual local lhe parece mais seguro? Right https://contribua.org/bairros/oeste/catole/Rua_Luisa_Bezerra_Mota__246_90.jpg https://contribua.org/bairros/norte/centro/Rua_Felix_Araujo__48__270.jpg"""
15563+2015-03-23T22:20:35.516165+517+44387+688++2015-03-23T22:20:35.516179+++"""Qual local lhe parece mais seguro? Right https://contribua.org/bairros/oeste/liberdade/Rua_Santa_Catarina__1231__180.jpg https://contribua.org/bairros/norte/centro/Rua_Doutor_Severino_Cruz__411__270.jpg"""
15567+2015-03-23T22:20:47.915830+517+44441+688++2015-03-23T22:20:47.915861+++"""Qual local lhe parece mais agrad%C3%A1vel? Left https://contribua.org/bairros/oeste/liberdade/Rua_Severino_Pimentel__439__0.jpg https://contribua.org/bairros/oeste/catole/Rua_Cristina_Procopio_da_Silva__62__270.jpg"""
15582+2015-03-23T22:21:50.405748+517+44481+688++2015-03-23T22:21:50.405781+++"""Qual local lhe parece mais seguro? Right https://contribua.org/bairros/oeste/liberdade/Rua_Padre_Pedro_Serrao__353__90.jpg https://contribua.org/bairros/norte/centro/Rua_Felix_Araujo__132__90.jpg"""
15603+2015-03-23T22:22:50.080772+517+44486+688++2015-03-23T22:22:50.080806+++"""Qual local lhe parece mais seguro? Right https://contribua.org/bairros/oeste/catole/Rua_Inacio_Marques_da_Silva__434_90.jpg https://contribua.org/bairros/norte/centro/Rua_Felix_Araujo__132__90.jpg"""
15607+2015-03-23T22:23:00.550816+517+44454+688++2015-03-23T22:23:00.550855+++"""Qual local lhe parece mais agrad%C3%A1vel? Left https://contribua.org/bairros/oeste/catole/Rua_Joao_Francisco_Mota__64__270.jpg https://contribua.org/bairros/norte/centro/Rua_Joao_da_Mata__490_270.jpg"""
15475+2015-03-23T22:09:25.311924+517+44435+688++2015-03-23T22:09:25.311944+++"""Qual local lhe parece mais seguro? Right https://contribua.org/bairros/oeste/catole/Rua_Vigario_Calixto__1201_0.jpg https://contribua.org/bairros/norte/centro/Rua_Joao_da_Mata__490_90.jpg"""
15499+2015-03-23T22:11:30.879244+517+44439+688++2015-03-23T22:11:30.879277+++"""Qual local lhe parece mais seguro? Left https://contribua.org/bairros/oeste/catole/Rua_Olegario_Mariano__139_90.jpg https://contribua.org/bairros/norte/centro/Rua_Manoel_P._de_Araujo__370_0.jpg"""
15520+2015-03-23T22:13:10.972173+517+44432+688++2015-03-23T22:13:10.972205+++"""Qual local lhe parece mais seguro? Left https://contribua.org/bairros/oeste/liberdade/Rua_Padre_Pedro_Serrao__336__90.jpg https://contribua.org/bairros/norte/centro/Rua_Manoel_P._de_Araujo__370_0.jpg"""
15587+2015-03-23T22:22:07.726943+517+44434+688++2015-03-23T22:22:07.726976+++"""Qual local lhe parece mais seguro? Left https://contribua.org/bairros/oeste/catole/Rua_Vigario_Calixto__1201_0.jpg https://contribua.org/bairros/oeste/catole/Rua_Doutor_Antonio_Telha__235_180.jpg"""
15489+2015-03-23T22:10:44.745513+517+44428+688++2015-03-23T22:10:44.745545+++"""Qual local lhe parece mais seguro? Right https://contribua.org/bairros/oeste/catole/Rua_Deputado_Ascendino_Moura__101__90.jpg https://contribua.org/bairros/norte/centro/Rua_Felix_Araujo__132__90.jpg"""
15493+2015-03-23T22:10:56.116224+517+44367+688++2015-03-23T22:10:56.116257+++"""Qual local lhe parece mais seguro? Left https://contribua.org/bairros/oeste/catole/Rua_Olegario_Mariano__139_180.jpg https://contribua.org/bairros/oeste/catole/Rua_Deputado_Ascendino_Moura__101__90.jpg"""
15551+2015-03-23T22:19:53.540644+517+44490+688++2015-03-23T22:19:53.540679+++"""Qual local lhe parece mais seguro? Left https://contribua.org/bairros/norte/centro/Rua_Manoel_P._de_Araujo__150_90.jpg https://contribua.org/bairros/oeste/catole/Rua_Deputado_Ascendino_Moura__101__90.jpg"""
15481+2015-03-23T22:10:08.337001+517+44286+688++2015-03-23T22:10:08.337034+++"""Qual local lhe parece mais agrad%C3%A1vel? Left https://contribua.org/bairros/norte/centro/Rua_Quebra_Quilos__399__270.jpg https://contribua.org/bairros/norte/centro/Rua_Coronel_Salvino_Figueiredo__251_90.jpg"""
15490+2015-03-23T22:10:47.372081+517+44448+688++2015-03-23T22:10:47.372115+++"""Qual local lhe parece mais seguro? Right https://contribua.org/bairros/oeste/liberdade/Rua_Riachuelo__455__0.jpg https://contribua.org/bairros/norte/centro/Rua_Joao_da_Mata__490_270.jpg"""
15534+2015-03-23T22:18:42.411428+517+44487+688++2015-03-23T22:18:42.411460+++"""Qual local lhe parece mais seguro? Left https://contribua.org/bairros/norte/centro/Rua_Doutor_Severino_Cruz__411__270.jpg https://contribua.org/bairros/oeste/catole/Avenida_Prefeito_Severino_Bezerra_Cabral__218_0.jpg"""
15543+2015-03-23T22:19:21.692731+517+44440+688++2015-03-23T22:19:21.692763+++"""Qual local lhe parece mais seguro? Left https://contribua.org/bairros/norte/centro/Rua_Manoel_P._de_Araujo__370_180.jpg https://contribua.org/bairros/oeste/catole/Rua_Doutor_Antonio_Telha__235_180.jpg"""
15549+2015-03-23T22:19:42.382161+517+44278+688++2015-03-23T22:19:42.382195+++"""Qual local lhe parece mais seguro? Right https://contribua.org/bairros/oeste/liberdade/Rua_Edesio_Silva__602__0.jpg https://contribua.org/bairros/norte/centro/Rua_Manoel_P._de_Araujo__150_270.jpg"""
15556+2015-03-23T22:20:14.412806+517+44496+688++2015-03-23T22:20:14.412837+++"""Qual local lhe parece mais seguro? Right https://contribua.org/bairros/oeste/catole/Rua_Doutor_Antonio_Telha__235_0.jpg https://contribua.org/bairros/norte/centro/Rua_Joao_da_Mata__490_270.jpg"""
15491+2015-03-23T22:10:50.886188+517+44431+688++2015-03-23T22:10:50.886221+++"""Qual local lhe parece mais agrad%C3%A1vel? Right https://contribua.org/bairros/oeste/liberdade/Rua_Espirito_Santo__1288__0.jpg https://contribua.org/bairros/norte/centro/Rua_Doutor_Severino_Cruz__411__90.jpg"""
15540+2015-03-23T22:19:08.203483+517+44477+688++2015-03-23T22:19:08.203516+++"""Qual local lhe parece mais agrad%C3%A1vel? Left https://contribua.org/bairros/oeste/catole/Rua_Doutor_Antonio_Telha__235_180.jpg https://contribua.org/bairros/norte/centro/Rua_Manoel_P._de_Araujo__370_180.jpg"""
15542+2015-03-23T22:19:16.786801+517+44446+688++2015-03-23T22:19:16.786833+++"""Qual local lhe parece mais agrad%C3%A1vel? Left https://contribua.org/bairros/oeste/liberdade/Rua_Padre_Pedro_Serrao__353__270.jpg https://contribua.org/bairros/norte/centro/Rua_Joao_da_Mata__490_90.jpg"""
15557+2015-03-23T22:20:16.575847+517+44488+688++2015-03-23T22:20:16.575879+++"""Qual local lhe parece mais agrad%C3%A1vel? Left https://contribua.org/bairros/oeste/catole/Avenida_Prefeito_Severino_Bezerra_Cabral__218_90.jpg https://contribua.org/bairros/norte/centro/Rua_Manoel_P._de_Araujo__370_0.jpg"""
15569+2015-03-23T22:20:53.503172+517+44491+688++2015-03-23T22:20:53.503185+++"""Qual local lhe parece mais agrad%C3%A1vel? Left https://contribua.org/bairros/oeste/catole/Rua_Luisa_Bezerra_Mota__246_90.jpg https://contribua.org/bairros/norte/centro/Rua_Manoel_P._de_Araujo__150_270.jpg"""
15571+2015-03-23T22:20:59.807905+517+44492+688++2015-03-23T22:20:59.807937+++"""Qual local lhe parece mais agrad%C3%A1vel? Right https://contribua.org/bairros/norte/centro/Rua_Pedro_Alvares_Cabral__129_90.jpg https://contribua.org/bairros/norte/centro/Rua_Felix_Araujo__48__270.jpg"""
15581+2015-03-23T22:21:46.771355+517+44515+688++2015-03-23T22:21:46.771387+++"""Qual local lhe parece mais agrad%C3%A1vel? Left https://contribua.org/bairros/oeste/liberdade/Rua_Odon_Bezerra__147_90.jpg https://contribua.org/bairros/norte/centro/Rua_Manoel_P._de_Araujo__370_0.jpg"""
15589+2015-03-23T22:22:11.903324+517+44382+688++2015-03-23T22:22:11.903342+++"""Qual local lhe parece mais seguro? Right https://contribua.org/bairros/oeste/catole/Rua_Inacio_Marques_da_Silva__434_90.jpg https://contribua.org/bairros/norte/centro/Rua_Doutor_Severino_Cruz__411__90.jpg"""
15514+2015-03-23T22:12:46.868220+517+44447+688++2015-03-23T22:12:46.868252+++"""Qual local lhe parece mais agrad%C3%A1vel? Left https://contribua.org/bairros/oeste/catole/Rua_Otacilio_Nepomuceno__76_0.jpg https://contribua.org/bairros/oeste/catole/Avenida_Prefeito_Severino_Bezerra_Cabral__218_0.jpg"""
15517+2015-03-23T22:12:53.869666+517+44443+688++2015-03-23T22:12:53.869699+++"""Qual local lhe parece mais seguro? Left https://contribua.org/bairros/oeste/liberdade/Rua_Severino_Pimentel__511_270.jpg https://contribua.org/bairros/norte/centro/Rua_Manoel_P._de_Araujo__370_180.jpg"""
15521+2015-03-23T22:13:12.856379+517+44426+688++2015-03-23T22:13:12.856413+++"""Qual local lhe parece mais agrad%C3%A1vel? Left https://contribua.org/bairros/oeste/liberdade/Rua_Padre_Pedro_Serrao__353__270.jpg https://contribua.org/bairros/norte/centro/Rua_Pedro_Alvares_Cabral__129_90.jpg"""
15553+2015-03-23T22:20:00.869846+517+44356+688++2015-03-23T22:20:00.869879+++"""Qual local lhe parece mais seguro? Right https://contribua.org/bairros/norte/centro/Rua_Manoel_P._de_Araujo__150_270.jpg https://contribua.org/bairros/norte/centro/Rua_Felix_Araujo__48__270.jpg"""
15576+2015-03-23T22:21:16.628888+517+44508+688++2015-03-23T22:21:16.628920+++"""Qual local lhe parece mais agrad%C3%A1vel? Left https://contribua.org/bairros/oeste/catole/Rua_Olegario_Mariano__139_180.jpg https://contribua.org/bairros/norte/centro/Rua_Felix_Araujo__48__270.jpg"""
15606+2015-03-23T22:22:58.568490+517+44529+688++2015-03-23T22:22:58.568523+++"""Qual local lhe parece mais agrad%C3%A1vel? Left https://contribua.org/bairros/oeste/catole/Rua_Olegario_Mariano__139_270.jpg https://contribua.org/bairros/norte/centro/Rua_Joao_da_Mata__490_90.jpg"""
15612+2015-03-23T22:23:14.319832+517+44453+688++2015-03-23T22:23:14.319865+++"""Qual local lhe parece mais seguro? Right https://contribua.org/bairros/oeste/catole/Rua_Olegario_Mariano__139_90.jpg https://contribua.org/bairros/norte/centro/Rua_Felix_Araujo__132__90.jpg"""
15613+2015-03-23T22:23:16.181868+517+44544+688++2015-03-23T22:23:16.181900+++"""Qual local lhe parece mais agrad%C3%A1vel? Left https://contribua.org/bairros/oeste/liberdade/Rua_Riachuelo__847__180.jpg https://contribua.org/bairros/norte/centro/Rua_Joao_da_Mata__490_270.jpg"""
15624+2015-03-23T22:23:52.662795+517+44555+688++2015-03-23T22:23:52.662820+++"""Qual local lhe parece mais seguro? Right https://contribua.org/bairros/oeste/liberdade/Rua_Riachuelo__847__180.jpg https://contribua.org/bairros/norte/centro/Rua_Doutor_Severino_Cruz__411__90.jpg"""
15632+2015-03-23T22:24:20.326363+517+44580+688++2015-03-23T22:24:20.326396+++"""Qual local lhe parece mais agrad%C3%A1vel? Left https://contribua.org/bairros/oeste/catole/Rua_Doutor_Antonio_Telha_-_Catole__Campina_Grande__90.jpg https://contribua.org/bairros/norte/centro/Rua_Felix_Araujo__132__90.jpg"""
15636+2015-03-23T22:24:31.872144+517+44510+688++2015-03-23T22:24:31.872177+++"""Qual local lhe parece mais seguro? Left https://contribua.org/bairros/norte/centro/Rua_Joao_da_Mata__490_90.jpg https://contribua.org/bairros/oeste/catole/Avenida_Prefeito_Severino_Bezerra_Cabral__218_0.jpg"""
15656+2015-03-23T22:25:17.725876+517+44532+688++2015-03-23T22:25:17.725908+++"""Qual local lhe parece mais agrad%C3%A1vel? Left https://contribua.org/bairros/oeste/catole/Rua_Doutor_Antonio_Telha__68__270.jpg https://contribua.org/bairros/norte/centro/Rua_Quebra_Quilos__399__90.jpg"""
15687+2015-03-24T01:45:13.787687+517+44333+691++2015-03-24T01:45:13.787718+++"""Qual local lhe parece mais seguro? Left https://contribua.org/bairros/oeste/liberdade/Rua_Riachuelo__847__180.jpg https://contribua.org/bairros/norte/centro/Rua_Manoel_P._de_Araujo__370_180.jpg"""
15702+2015-03-24T01:52:11.997569+517+44473+691++2015-03-24T01:52:11.997603+++"""Qual local lhe parece mais agrad%C3%A1vel? Right https://contribua.org/bairros/norte/centro/Rua_Manoel_P._de_Araujo__150_270.jpg https://contribua.org/bairros/norte/centro/Rua_Felix_Araujo__48__270.jpg"""
15754+2015-03-24T02:05:42.529913+517+44569+692++2015-03-24T02:05:42.529945+++"""Qual local lhe parece mais seguro? Right https://contribua.org/bairros/oeste/catole/Rua_Doutor_Antonio_Telha__235_180.jpg https://contribua.org/bairros/norte/centro/Rua_Joao_da_Mata__490_270.jpg"""
15766+2015-03-24T02:06:45.755962+517+44564+692++2015-03-24T02:06:45.755995+++"""Qual local lhe parece mais seguro? Left https://contribua.org/bairros/oeste/catole/Rua_Doutor_Antonio_Telha__68__90.jpg https://contribua.org/bairros/oeste/catole/Rua_Doutor_Antonio_Telha__235_180.jpg"""
15676+2015-03-23T22:26:23.576595+517+44506+688++2015-03-23T22:26:23.576627+++"""Qual local lhe parece mais agrad%C3%A1vel? Right https://contribua.org/bairros/oeste/catole/Rua_Doutor_Antonio_Telha__235_180.jpg https://contribua.org/bairros/norte/centro/Rua_Joao_da_Mata__490_90.jpg"""
15686+2015-03-24T01:45:08.422057+517+44455+691++2015-03-24T01:45:08.422093+++"""Qual local lhe parece mais agrad%C3%A1vel? Left https://contribua.org/bairros/oeste/liberdade/Rua_Severino_Pimentel__511_270.jpg https://contribua.org/bairros/norte/centro/Rua_Manoel_P._de_Araujo__370_180.jpg"""
15714+2015-03-24T01:58:12.828161+517+44367+691++2015-03-24T01:58:12.828195+++"""Qual local lhe parece mais seguro? Left https://contribua.org/bairros/oeste/catole/Rua_Olegario_Mariano__139_180.jpg https://contribua.org/bairros/oeste/catole/Rua_Deputado_Ascendino_Moura__101__90.jpg"""
15761+2015-03-24T02:06:30.420173+517+44480+692++2015-03-24T02:06:30.420206+++"""Qual local lhe parece mais seguro? Left https://contribua.org/bairros/norte/centro/Rua_Quebra_Quilos__399__90.jpg https://contribua.org/bairros/oeste/catole/Rua_Deputado_Ascendino_Moura__101__90.jpg"""
15835+2015-03-25T20:07:36.509556+517+44425+686++2015-03-25T20:07:36.509588+++"""Qual local lhe parece mais seguro? Left https://contribua.org/bairros/oeste/catole/Rua_Otacilio_Nepomuceno__76_0.jpg https://contribua.org/bairros/norte/centro/Rua_Joao_da_Mata__490_90.jpg"""
15670+2015-03-23T22:26:11.366858+517+44516+688++2015-03-23T22:26:11.366891+++"""Qual local lhe parece mais seguro? Right https://contribua.org/bairros/oeste/catole/Rua_Olegario_Mariano__139_180.jpg https://contribua.org/bairros/norte/centro/Rua_Joao_da_Mata__490_270.jpg"""
15672+2015-03-23T22:26:13.988559+517+44614+688++2015-03-23T22:26:13.988589+++"""Qual local lhe parece mais agrad%C3%A1vel? Left https://contribua.org/bairros/oeste/catole/Rua_Olegario_Mariano__139_90.jpg https://contribua.org/bairros/norte/centro/Rua_Manoel_P._de_Araujo__370_0.jpg"""
15735+2015-03-24T02:03:20.679117+517+44416+692++2015-03-24T02:03:20.679149+++"""Qual local lhe parece mais agrad%C3%A1vel? Right https://contribua.org/bairros/norte/centro/Rua_Felix_Araujo__132__90.jpg https://contribua.org/bairros/oeste/catole/Avenida_Prefeito_Severino_Bezerra_Cabral__218_0.jpg"""
15787+2015-03-25T01:52:12.719484+517+44573+693++2015-03-25T01:52:12.719518+++"""Qual local lhe parece mais agrad%C3%A1vel? Left https://contribua.org/bairros/norte/centro/Rua_Quebra_Quilos__399__90.jpg https://contribua.org/bairros/oeste/catole/Rua_Cristina_Procopio_da_Silva__62__270.jpg"""
15799+2015-03-25T01:55:46.862522+517+44472+693++2015-03-25T01:55:46.862554+++"""Qual local lhe parece mais seguro? Left https://contribua.org/bairros/oeste/liberdade/Avenida_Assis_Chateaubriand__1334__0.jpg https://contribua.org/bairros/norte/centro/Rua_Doutor_Severino_Cruz__411__90.jpg"""
15763+2015-03-24T02:06:35.740309+517+44357+692++2015-03-24T02:06:35.740342+++"""Qual local lhe parece mais agrad%C3%A1vel? Left https://contribua.org/bairros/oeste/catole/Rua_Doutor_Antonio_Telha__235_0.jpg https://contribua.org/bairros/oeste/catole/Rua_Cristina_Procopio_da_Silva__62__270.jpg"""
15840+2015-03-25T20:07:50.075216+517+44623+686++2015-03-25T20:07:50.075248+++"""Qual local lhe parece mais seguro? Left https://contribua.org/bairros/norte/centro/Rua_Felix_Araujo__132__90.jpg https://contribua.org/bairros/norte/centro/Rua_Manoel_P._de_Araujo__370_0.jpg"""
15653+2015-03-23T22:25:12.831472+517+44551+688++2015-03-23T22:25:12.831506+++"""Qual local lhe parece mais agrad%C3%A1vel? Left https://contribua.org/bairros/oeste/liberdade/Rua_Padre_Pedro_Serrao__353__90.jpg https://contribua.org/bairros/norte/centro/Rua_Manoel_P._de_Araujo__150_270.jpg"""
15655+2015-03-23T22:25:16.023563+517+44409+688++2015-03-23T22:25:16.023596+++"""Qual local lhe parece mais agrad%C3%A1vel? Left https://contribua.org/bairros/oeste/liberdade/Rua_Odon_Bezerra__147_270.jpg https://contribua.org/bairros/norte/centro/Rua_Manoel_P._de_Araujo__370_180.jpg"""
15668+2015-03-23T22:26:07.146147+517+44558+688++2015-03-23T22:26:07.146181+++"""Qual local lhe parece mais agrad%C3%A1vel? Left https://contribua.org/bairros/oeste/catole/Rua_Joao_Francisco_Mota__64__270.jpg https://contribua.org/bairros/oeste/catole/Rua_Cristina_Procopio_da_Silva__62__270.jpg"""
15706+2015-03-24T01:56:37.339718+517+44369+691++2015-03-24T01:56:37.339752+++"""Qual local lhe parece mais agrad%C3%A1vel? Left https://contribua.org/bairros/oeste/liberdade/Rua_Espirito_Santo__1288__180.jpg https://contribua.org/bairros/norte/centro/Rua_Pedro_Alvares_Cabral__129_90.jpg"""
15709+2015-03-24T01:57:11.780419+517+44525+691++2015-03-24T01:57:11.780451+++"""Qual local lhe parece mais agrad%C3%A1vel? Right https://contribua.org/bairros/norte/centro/Rua_Manoel_P._de_Araujo__370_0.jpg https://contribua.org/bairros/norte/centro/Rua_Felix_Araujo__48__270.jpg"""
15715+2015-03-24T02:00:36.910058+517+44449+692++2015-03-24T02:00:36.910082+++"""Qual local lhe parece mais seguro? Right https://contribua.org/bairros/oeste/liberdade/Rua_Sergipe__1337_0.jpg https://contribua.org/bairros/norte/centro/Rua_Joao_da_Mata__490_270.jpg"""
15736+2015-03-24T02:03:39.320044+517+44452+692++2015-03-24T02:03:39.320077+++"""{age=18|sex=Masculino|class=M\u00e9dia Baixa (R$ 1.450 a R$ 2.899,99)|educ=Gradua\u00e7\u00e3o|city=Campina Grande - Para\u00edba, Brasil|time=5|rel=Solteiro|neig=cen;cat} Qual local lhe parece mais agrad%C3%A1vel? NotKnown https://contribua.org/bairros/oeste/catole/Rua_Vigario_Calixto__1201_0.jpg https://contribua.org/bairros/norte/centro/Rua_Joao_da_Mata__490_90.jpg"""
15662+2015-03-23T22:25:51.312038+517+44540+688++2015-03-23T22:25:51.312070+++"""Qual local lhe parece mais seguro? Left https://contribua.org/bairros/oeste/liberdade/Rua_Riachuelo__930__180.jpg https://contribua.org/bairros/oeste/catole/Rua_Doutor_Antonio_Telha__235_180.jpg"""
15707+2015-03-24T01:56:40.889014+517+44507+691++2015-03-24T01:56:40.889045+++"""Qual local lhe parece mais agrad%C3%A1vel? Left https://contribua.org/bairros/oeste/catole/Avenida_Prefeito_Severino_Bezerra_Cabral__218_90.jpg https://contribua.org/bairros/norte/centro/Rua_Manoel_P._de_Araujo__370_180.jpg"""
15738+2015-03-24T02:04:27.141116+517+44359+692++2015-03-24T02:04:27.141150+++"""Qual local lhe parece mais agrad%C3%A1vel? Left https://contribua.org/bairros/oeste/catole/Rua_Sebastiao_Vieira_da_Silva__1273__180.jpg https://contribua.org/bairros/norte/centro/Rua_Manoel_P._de_Araujo__370_180.jpg"""
15740+2015-03-24T02:04:38.571095+517+44466+692++2015-03-24T02:04:38.571127+++"""Qual local lhe parece mais seguro? Left https://contribua.org/bairros/norte/centro/Rua_Manoel_P._de_Araujo__150_270.jpg https://contribua.org/bairros/oeste/catole/Rua_Deputado_Ascendino_Moura__101__90.jpg"""
15745+2015-03-24T02:04:55.724923+517+44455+692++2015-03-24T02:04:55.724957+++"""Qual local lhe parece mais agrad%C3%A1vel? Left https://contribua.org/bairros/oeste/liberdade/Rua_Severino_Pimentel__511_270.jpg https://contribua.org/bairros/norte/centro/Rua_Manoel_P._de_Araujo__370_180.jpg"""
15748+2015-03-24T02:05:05.452787+517+44535+692++2015-03-24T02:05:05.452820+++"""Qual local lhe parece mais agrad%C3%A1vel? Right https://contribua.org/bairros/norte/centro/Rua_Pedro_Alvares_Cabral__129_90.jpg https://contribua.org/bairros/norte/centro/Rua_Manoel_P._de_Araujo__150_270.jpg"""
15753+2015-03-24T02:05:38.887722+517+44422+692++2015-03-24T02:05:38.887754+++"""Qual local lhe parece mais seguro? Left https://contribua.org/bairros/oeste/liberdade/Rua_Severino_Pimentel__321__0.jpg https://contribua.org/bairros/norte/centro/Rua_Manoel_P._de_Araujo__370_180.jpg"""
15768+2015-03-24T02:06:50.524899+517+44495+692++2015-03-24T02:06:50.524931+++"""Qual local lhe parece mais agrad%C3%A1vel? Left https://contribua.org/bairros/oeste/catole/Rua_Deputado_Ascendino_Moura__101__90.jpg https://contribua.org/bairros/norte/centro/Rua_Felix_Araujo__132__90.jpg"""
15797+2015-03-25T01:54:44.920899+517+44602+693++2015-03-25T01:54:44.920932+++"""Qual local lhe parece mais agrad%C3%A1vel? Left https://contribua.org/bairros/oeste/catole/Rua_Inacio_Marques_da_Silva__434_270.jpg https://contribua.org/bairros/oeste/catole/Avenida_Prefeito_Severino_Bezerra_Cabral__218_0.jpg"""
15813+2015-03-25T01:57:16.446882+517+44497+693++2015-03-25T01:57:16.446915+++"""Qual local lhe parece mais agrad%C3%A1vel? Left https://contribua.org/bairros/oeste/catole/Rua_Olegario_Mariano__139_0.jpg https://contribua.org/bairros/norte/centro/Rua_Felix_Araujo__48__270.jpg"""
15827+2015-03-25T12:58:44.668551+517+44601+516++2015-03-25T12:58:44.668569+++"""Qual local lhe parece mais seguro? Left https://contribua.org/bairros/oeste/liberdade/Rua_Padre_Pedro_Serrao__207__90.jpg https://contribua.org/bairros/norte/centro/Rua_Manoel_P._de_Araujo__370_0.jpg"""
15755+2015-03-24T02:05:46.190810+517+44533+692++2015-03-24T02:05:46.190852+++"""Qual local lhe parece mais agrad%C3%A1vel? Left https://contribua.org/bairros/oeste/catole/Rua_Deputado_Ascendino_Moura__101__270.jpg https://contribua.org/bairros/norte/centro/Rua_Joao_da_Mata__490_90.jpg"""
15770+2015-03-24T02:06:57.288344+517+44494+692++2015-03-24T02:06:57.288376+++"""Qual local lhe parece mais seguro? Right https://contribua.org/bairros/oeste/catole/Rua_Olegario_Mariano__139_0.jpg https://contribua.org/bairros/norte/centro/Rua_Doutor_Severino_Cruz__411__270.jpg"""
15773+2015-03-24T02:07:03.972270+517+44429+692++2015-03-24T02:07:03.972302+++"""Qual local lhe parece mais seguro? Left https://contribua.org/bairros/oeste/catole/Rua_Doutor_Antonio_Telha__68__90.jpg https://contribua.org/bairros/norte/centro/Rua_Manoel_P._de_Araujo__370_180.jpg"""
15796+2015-03-25T01:54:40.254673+517+44526+693++2015-03-25T01:54:40.254706+++"""Qual local lhe parece mais agrad%C3%A1vel? Right https://contribua.org/bairros/oeste/liberdade/Rua_Edesio_Silva__602__0.jpg https://contribua.org/bairros/norte/centro/Rua_Felix_Araujo__48__270.jpg"""
15786+2015-03-25T01:52:07.321336+517+44530+693++2015-03-25T01:52:07.321368+++"""Qual local lhe parece mais seguro? Right https://contribua.org/bairros/oeste/liberdade/Rua_Edesio_Silva__602__180.jpg https://contribua.org/bairros/norte/centro/Rua_Doutor_Severino_Cruz__411__270.jpg"""
15788+2015-03-25T01:53:48.034254+517+44453+693++2015-03-25T01:53:48.034288+++"""{age=18|sex=Masculino|class=M\u00e9dia Baixa (R $ 1,450 a R $ 2.899,99)|educ=Ensino M\u00e9dio|city=Montadas|time=18|rel=Solteiro|neig=} Qual local lhe parece mais seguro? Left https://contribua.org/bairros/oeste/catole/Rua_Olegario_Mariano__139_90.jpg https://contribua.org/bairros/norte/centro/Rua_Felix_Araujo__132__90.jpg"""
15809+2015-03-25T01:57:02.709877+517+44264+693++2015-03-25T01:57:02.709915+++"""Qual local lhe parece mais agrad%C3%A1vel? Right https://contribua.org/bairros/norte/centro/Rua_Manoel_P._de_Araujo__150_90.jpg https://contribua.org/bairros/norte/centro/Rua_Elias_Aforas__202_0.jpg"""
15816+2015-03-25T01:57:29.168156+517+44538+693++2015-03-25T01:57:29.168187+++"""Qual local lhe parece mais agrad%C3%A1vel? Left https://contribua.org/bairros/oeste/liberdade/Rua_Padre_Pedro_Serrao__336__90.jpg https://contribua.org/bairros/norte/centro/Rua_Manoel_P._de_Araujo__370_0.jpg"""
15817+2015-03-25T01:57:35.267974+517+44486+693++2015-03-25T01:57:35.268007+++"""Qual local lhe parece mais seguro? Right https://contribua.org/bairros/oeste/catole/Rua_Inacio_Marques_da_Silva__434_90.jpg https://contribua.org/bairros/norte/centro/Rua_Felix_Araujo__132__90.jpg"""
15821+2015-03-25T01:58:10.953517+517+44539+693++2015-03-25T01:58:10.953551+++"""Qual local lhe parece mais agrad%C3%A1vel? Left https://contribua.org/bairros/oeste/catole/Rua_Otacilio_Nepomuceno__76_90.jpg https://contribua.org/bairros/norte/centro/Rua_Manoel_P._de_Araujo__370_0.jpg"""
15843+2015-03-25T20:08:02.161798+517+44586+686++2015-03-25T20:08:02.161830+++"""Qual local lhe parece mais agrad%C3%A1vel? Right https://contribua.org/bairros/oeste/liberdade/Rua_Espirito_Santo__1288__0.jpg https://contribua.org/bairros/norte/centro/Rua_Quebra_Quilos__399__90.jpg"""
15844+2015-03-25T20:08:04.838995+517+44598+686++2015-03-25T20:08:04.839029+++"""Qual local lhe parece mais agrad%C3%A1vel? Right https://contribua.org/bairros/oeste/liberdade/Rua_Santa_Catarina__1231__180.jpg https://contribua.org/bairros/oeste/catole/Avenida_Prefeito_Severino_Bezerra_Cabral__218_0.jpg"""
15846+2015-03-25T20:08:08.103049+517+44500+686++2015-03-25T20:08:08.103080+++"""Qual local lhe parece mais seguro? Left https://contribua.org/bairros/oeste/liberdade/Rua_Odon_Bezerra__306_270.jpg https://contribua.org/bairros/norte/centro/Rua_Joao_da_Mata__490_270.jpg"""
15836+2015-03-25T20:07:41.838764+517+44472+686++2015-03-25T20:07:41.838788+++"""Qual local lhe parece mais seguro? Right https://contribua.org/bairros/oeste/liberdade/Avenida_Assis_Chateaubriand__1334__0.jpg https://contribua.org/bairros/norte/centro/Rua_Doutor_Severino_Cruz__411__90.jpg"""
15842+2015-03-25T20:07:54.405659+517+44540+686++2015-03-25T20:07:54.405692+++"""Qual local lhe parece mais seguro? Left https://contribua.org/bairros/oeste/liberdade/Rua_Riachuelo__930__180.jpg https://contribua.org/bairros/oeste/catole/Rua_Doutor_Antonio_Telha__235_180.jpg"""
15854+2015-03-25T20:08:25.215778+517+44592+686++2015-03-25T20:08:25.215795+++"""Qual local lhe parece mais seguro? Right https://contribua.org/bairros/oeste/catole/Rua_Sebastiao_Vieira_da_Silva__1273__0.jpg https://contribua.org/bairros/norte/centro/Rua_Coronel_Salvino_Figueiredo__251_270.jpg"""
15857+2015-03-25T20:08:30.459659+517+44646+686++2015-03-25T20:08:30.459690+++"""Qual local lhe parece mais seguro? Left https://contribua.org/bairros/oeste/catole/Rua_Honorio_de_Melo__240__90.jpg https://contribua.org/bairros/oeste/catole/Rua_Deputado_Ascendino_Moura__101__90.jpg"""
15862+2015-03-26T12:53:09.645365+517+44560+691++2015-03-26T12:53:09.645402+++"""Qual local lhe parece mais seguro? Right https://contribua.org/bairros/norte/centro/Rua_Felix_Araujo__48__270.jpg https://contribua.org/bairros/norte/centro/Rua_Joao_da_Mata__490_270.jpg"""
15868+2015-03-26T12:53:58.239962+517+44625+691++2015-03-26T12:53:58.239994+++"""Qual local lhe parece mais agrad%C3%A1vel? Right https://contribua.org/bairros/oeste/liberdade/Rua_Riachuelo__847__0.jpg https://contribua.org/bairros/norte/centro/Rua_Doutor_Severino_Cruz__411__90.jpg"""
15874+2015-03-26T12:55:19.753344+517+44644+691++2015-03-26T12:55:19.753381+++"""Qual local lhe parece mais agrad%C3%A1vel? Left https://contribua.org/bairros/oeste/liberdade/Rua_Severino_Pimentel__321__180.jpg https://contribua.org/bairros/oeste/catole/Avenida_Prefeito_Severino_Bezerra_Cabral__218_0.jpg"""
15875+2015-03-26T12:55:22.195118+517+44639+691++2015-03-26T12:55:22.195152+++"""Qual local lhe parece mais seguro? Right https://contribua.org/bairros/norte/centro/Rua_Manoel_P._de_Araujo__370_180.jpg https://contribua.org/bairros/norte/centro/Rua_Joao_da_Mata__490_270.jpg"""
15877+2015-03-26T12:55:27.349287+517+44558+691++2015-03-26T12:55:27.349321+++"""Qual local lhe parece mais agrad%C3%A1vel? Left https://contribua.org/bairros/oeste/catole/Rua_Joao_Francisco_Mota__64__270.jpg https://contribua.org/bairros/oeste/catole/Rua_Cristina_Procopio_da_Silva__62__270.jpg"""
15881+2015-03-26T12:56:05.976816+517+44617+691++2015-03-26T12:56:05.976850+++"""Qual local lhe parece mais agrad%C3%A1vel? Left https://contribua.org/bairros/oeste/liberdade/Rua_Espirito_Santo__1288__0.jpg https://contribua.org/bairros/norte/centro/Rua_Manoel_P._de_Araujo__150_270.jpg"""
15889+2015-03-26T12:57:42.847838+517+44655+691++2015-03-26T12:57:42.847871+++"""Qual local lhe parece mais agrad%C3%A1vel? Right https://contribua.org/bairros/oeste/catole/Rua_Deputado_Ascendino_Moura__101__270.jpg https://contribua.org/bairros/norte/centro/Rua_Quebra_Quilos__399__90.jpg"""
15890+2015-03-26T19:23:37.494254+517+44513+646++2015-03-26T19:23:37.494291+++"""Qual local lhe parece mais seguro? Left https://contribua.org/bairros/oeste/catole/Avenida_Prefeito_Severino_Bezerra_Cabral__218_90.jpg https://contribua.org/bairros/norte/centro/Rua_Manoel_P._de_Araujo__370_0.jpg"""
15895+2015-03-26T22:02:39.894067+517+44613+646++2015-03-26T22:02:39.894084+++"""Qual local lhe parece mais seguro? NotKnown https://contribua.org/bairros/norte/centro/Rua_Joao_da_Mata__490_270.jpg https://contribua.org/bairros/norte/centro/Rua_Doutor_Severino_Cruz__411__270.jpg"""
15902+2015-03-26T22:03:15.805340+517+44634+646++2015-03-26T22:03:15.805372+++"""Qual local lhe parece mais seguro? NotKnown https://contribua.org/bairros/oeste/catole/Rua_Olegario_Mariano__139_270.jpg https://contribua.org/bairros/oeste/catole/Rua_Deputado_Ascendino_Moura__101__90.jpg"""
15909+2015-03-26T22:03:59.083576+517+44666+646++2015-03-26T22:03:59.083608+++"""Qual local lhe parece mais seguro? Right https://contribua.org/bairros/oeste/liberdade/Rua_Espirito_Santo__1288__180.jpg https://contribua.org/bairros/norte/centro/Rua_Felix_Araujo__132__90.jpg"""
15911+2015-03-26T22:04:06.693834+517+44617+646++2015-03-26T22:04:06.693851+++"""Qual local lhe parece mais agrad%C3%A1vel? NotKnown https://contribua.org/bairros/oeste/liberdade/Rua_Espirito_Santo__1288__0.jpg https://contribua.org/bairros/norte/centro/Rua_Manoel_P._de_Araujo__150_270.jpg"""
15915+2015-03-26T22:04:20.666748+517+44675+646++2015-03-26T22:04:20.666786+++"""Qual local lhe parece mais agrad%C3%A1vel? Right https://contribua.org/bairros/oeste/liberdade/Rua_Odon_Bezerra__147_270.jpg https://contribua.org/bairros/norte/centro/Rua_Doutor_Severino_Cruz__411__90.jpg"""
15917+2015-03-26T22:04:26.872569+517+44542+646++2015-03-26T22:04:26.872602+++"""Qual local lhe parece mais agrad%C3%A1vel? Left https://contribua.org/bairros/oeste/catole/Rua_Deputado_Ascendino_Moura__101__90.jpg https://contribua.org/bairros/norte/centro/Rua_Manoel_P._de_Araujo__150_270.jpg"""
15982+2015-03-27T13:58:29.076425+517+44638+695++2015-03-27T13:58:29.076458+++"""Qual local lhe parece mais seguro? Right https://contribua.org/bairros/oeste/liberdade/Rua_Severino_Pimentel__511_270.jpg https://contribua.org/bairros/oeste/catole/Rua_Deputado_Ascendino_Moura__101__90.jpg"""
15913+2015-03-26T22:04:13.607122+517+44664+646++2015-03-26T22:04:13.607155+++"""Qual local lhe parece mais agrad%C3%A1vel? Left https://contribua.org/bairros/oeste/catole/Rua_Honorio_de_Melo__240__270.jpg https://contribua.org/bairros/oeste/catole/Rua_Cristina_Procopio_da_Silva__62__270.jpg"""
15918+2015-03-26T22:04:34.665393+517+44609+646++2015-03-26T22:04:34.665411+++"""Qual local lhe parece mais seguro? Left https://contribua.org/bairros/oeste/liberdade/Rua_Odon_Bezerra__147_270.jpg https://contribua.org/bairros/oeste/catole/Rua_Deputado_Ascendino_Moura__101__90.jpg"""
15919+2015-03-26T22:04:39.683601+517+44633+646++2015-03-26T22:04:39.683621+++"""Qual local lhe parece mais agrad%C3%A1vel? Left https://contribua.org/bairros/oeste/catole/Rua_Olegario_Mariano__139_0.jpg https://contribua.org/bairros/norte/centro/Rua_Pedro_Alvares_Cabral__129_180.jpg"""
15924+2015-03-26T22:04:55.941966+517+44578+646++2015-03-26T22:04:55.941998+++"""Qual local lhe parece mais seguro? NotKnown https://contribua.org/bairros/oeste/catole/Rua_Cristina_Procopio_da_Silva__62__90.jpg https://contribua.org/bairros/norte/centro/Rua_Doutor_Severino_Cruz__411__270.jpg"""
15955+2015-03-26T23:30:58.552774+517+44682+694++2015-03-26T23:30:58.552806+++"""Qual local lhe parece mais seguro? NotKnown https://contribua.org/bairros/oeste/catole/Rua_Olegario_Mariano__139_90.jpg https://contribua.org/bairros/norte/centro/Rua_Felix_Araujo__48__270.jpg"""
15963+2015-03-26T23:32:07.415473+517+44502+694++2015-03-26T23:32:07.415506+++"""Qual local lhe parece mais seguro? NotKnown https://contribua.org/bairros/oeste/catole/Rua_Olegario_Mariano__139_90.jpg https://contribua.org/bairros/norte/centro/Rua_Manoel_P._de_Araujo__370_180.jpg"""
15980+2015-03-26T23:33:54.698846+517+44568+694++2015-03-26T23:33:54.698880+++"""Qual local lhe parece mais agrad%C3%A1vel? Right https://contribua.org/bairros/oeste/liberdade/Rua_Sergipe__1337_90.jpg https://contribua.org/bairros/norte/centro/Rua_Felix_Araujo__48__270.jpg"""
15927+2015-03-26T22:10:32.605815+517+44636+646++2015-03-26T22:10:32.605848+++"""Qual local lhe parece mais seguro? Right https://contribua.org/bairros/oeste/catole/Rua_Doutor_Antonio_Telha__68__270.jpg https://contribua.org/bairros/norte/centro/Rua_Joao_da_Mata__490_270.jpg"""
15966+2015-03-26T23:32:29.881274+517+44678+694++2015-03-26T23:32:29.881290+++"""{age=20|sex=Masculino|class=Baixa (at\u00e9 R$ 1.449,99)|educ=Ensino M\u00e9dio|city=|time=11|rel=Solteiro|neig=} Qual local lhe parece mais agrad%C3%A1vel? Right https://contribua.org/bairros/oeste/liberdade/Rua_Riachuelo__930__180.jpg https://contribua.org/bairros/norte/centro/Rua_Felix_Araujo__48__270.jpg"""
15968+2015-03-26T23:32:36.361454+517+44684+694++2015-03-26T23:32:36.361486+++"""Qual local lhe parece mais seguro? Right https://contribua.org/bairros/norte/centro/Rua_Doutor_Severino_Cruz__411__90.jpg https://contribua.org/bairros/norte/centro/Rua_Manoel_P._de_Araujo__370_180.jpg"""
15969+2015-03-26T23:32:38.377140+517+44654+694++2015-03-26T23:32:38.377173+++"""Qual local lhe parece mais agrad%C3%A1vel? Left https://contribua.org/bairros/oeste/liberdade/Rua_Severino_Pimentel__511_90.jpg https://contribua.org/bairros/norte/centro/Rua_Pedro_Alvares_Cabral__129_90.jpg"""
16052+2015-03-27T14:03:26.995352+517+44737+695++2015-03-27T14:03:26.995389+++"""Qual local lhe parece mais seguro? Left https://contribua.org/bairros/oeste/liberdade/Rua_Odon_Bezerra__306_90.jpg https://contribua.org/bairros/norte/centro/Rua_Elias_Aforas__67__0.jpg"""
15944+2015-03-26T23:29:33.588320+517+44641+694++2015-03-26T23:29:33.588337+++"""Qual local lhe parece mais seguro? Right https://contribua.org/bairros/norte/centro/Rua_Pedro_Alvares_Cabral__129_180.jpg https://contribua.org/bairros/oeste/catole/Avenida_Prefeito_Severino_Bezerra_Cabral__218_0.jpg"""
15947+2015-03-26T23:30:27.212362+517+44628+694++2015-03-26T23:30:27.212403+++"""Qual local lhe parece mais agrad%C3%A1vel? NotKnown https://contribua.org/bairros/oeste/liberdade/Rua_Edesio_Silva__602__180.jpg https://contribua.org/bairros/norte/centro/Rua_Felix_Araujo__132__90.jpg"""
15956+2015-03-26T23:31:28.948452+517+44543+694++2015-03-26T23:31:28.948487+++"""{age=20|sex=Masculino|class=Baixa (at\u00e9 R$ 1.449,99)|educ=Ensino M\u00e9dio|city=|time=11|rel=Solteiro|neig=} Qual local lhe parece mais agrad%C3%A1vel? Right https://contribua.org/bairros/oeste/catole/Rua_Doutor_Antonio_Telha_-_Catole__Campina_Grande__90.jpg https://contribua.org/bairros/oeste/catole/Avenida_Prefeito_Severino_Bezerra_Cabral__218_0.jpg"""
16025+2015-03-27T14:01:40.855547+517+44528+695++2015-03-27T14:01:40.855565+++"""Qual local lhe parece mais seguro? Left https://contribua.org/bairros/oeste/liberdade/Rua_Odon_Bezerra__388__90.jpg https://contribua.org/bairros/norte/centro/Rua_Joao_da_Mata__490_90.jpg"""
15991+2015-03-27T13:59:09.252147+517+44596+695++2015-03-27T13:59:09.252179+++"""Qual local lhe parece mais agrad%C3%A1vel? Left https://contribua.org/bairros/oeste/catole/Rua_Inacio_Marques_da_Silva__434_270.jpg https://contribua.org/bairros/norte/centro/Rua_Joao_da_Mata__490_270.jpg"""
15999+2015-03-27T14:00:02.882147+517+44659+695++2015-03-27T14:00:02.882179+++"""Qual local lhe parece mais seguro? Right https://contribua.org/bairros/oeste/liberdade/Rua_Padre_Pedro_Serrao__336__90.jpg https://contribua.org/bairros/norte/centro/Rua_Joao_da_Mata__490_90.jpg"""
16000+2015-03-27T14:00:04.594121+517+44605+695++2015-03-27T14:00:04.594153+++"""Qual local lhe parece mais agrad%C3%A1vel? Left https://contribua.org/bairros/oeste/liberdade/Rua_Espirito_Santo__1288__0.jpg https://contribua.org/bairros/oeste/catole/Rua_Cristina_Procopio_da_Silva__62__270.jpg"""
16014+2015-03-27T14:01:08.931370+517+44704+695++2015-03-27T14:01:08.931405+++"""Qual local lhe parece mais agrad%C3%A1vel? Right https://contribua.org/bairros/oeste/liberdade/Rua_Severino_Pimentel__511_270.jpg https://contribua.org/bairros/norte/centro/Rua_Manoel_P._de_Araujo__150_270.jpg"""
16017+2015-03-27T14:01:21.942702+517+44561+695++2015-03-27T14:01:21.942718+++"""Qual local lhe parece mais seguro? Right https://contribua.org/bairros/oeste/catole/Rua_Doutor_Antonio_Telha_-_Catole__Campina_Grande__90.jpg https://contribua.org/bairros/oeste/catole/Rua_Deputado_Ascendino_Moura__101__90.jpg"""
16038+2015-03-27T14:02:24.755013+517+44654+695++2015-03-27T14:02:24.755045+++"""Qual local lhe parece mais agrad%C3%A1vel? NotKnown https://contribua.org/bairros/oeste/liberdade/Rua_Severino_Pimentel__511_90.jpg https://contribua.org/bairros/norte/centro/Rua_Pedro_Alvares_Cabral__129_90.jpg"""
16009+2015-03-27T14:00:45.113937+517+44712+695++2015-03-27T14:00:45.113970+++"""Qual local lhe parece mais agrad%C3%A1vel? Left https://contribua.org/bairros/oeste/catole/Rua_Cristina_Procopio_da_Silva__62__90.jpg https://contribua.org/bairros/norte/centro/Rua_Joao_da_Mata__490_270.jpg"""
16035+2015-03-27T14:02:10.802085+517+44750+695++2015-03-27T14:02:10.802119+++"""Qual local lhe parece mais seguro? Right https://contribua.org/bairros/norte/centro/Rua_Manoel_P._de_Araujo__370_180.jpg https://contribua.org/bairros/norte/centro/Rua_Augusto_Severo__71_90.jpg"""
16030+2015-03-27T14:01:54.529038+517+44726+695++2015-03-27T14:01:54.529071+++"""Qual local lhe parece mais agrad%C3%A1vel? Left https://contribua.org/bairros/oeste/liberdade/Rua_Riachuelo__847__180.jpg https://contribua.org/bairros/norte/centro/Rua_Manoel_P._de_Araujo__150_90.jpg"""
16031+2015-03-27T14:01:56.750731+517+44669+695++2015-03-27T14:01:56.750762+++"""Qual local lhe parece mais agrad%C3%A1vel? Left https://contribua.org/bairros/oeste/liberdade/Rua_Edesio_Silva__602__0.jpg https://contribua.org/bairros/oeste/catole/Rua_Cristina_Procopio_da_Silva__62__270.jpg"""
16040+2015-03-27T14:02:31.295185+517+44738+695++2015-03-27T14:02:31.295218+++"""Qual local lhe parece mais seguro? Left https://contribua.org/bairros/oeste/liberdade/Rua_Odon_Bezerra__147_270.jpg https://contribua.org/bairros/norte/centro/Rua_Augusto_Severo__71_90.jpg"""
16045+2015-03-27T14:03:03.701638+517+44736+695++2015-03-27T14:03:03.701677+++"""Qual local lhe parece mais agrad%C3%A1vel? NotKnown https://contribua.org/bairros/oeste/liberdade/Rua_Odon_Bezerra__147_270.jpg https://contribua.org/bairros/norte/centro/Rua_Manoel_P._de_Araujo__150_90.jpg"""
16066+2015-03-29T14:22:52.228075+517+44717+696++2015-03-29T14:22:52.228096+++"""Qual local lhe parece mais agrad%C3%A1vel? NotKnown https://contribua.org/bairros/oeste/liberdade/Rua_Riachuelo__930__0.jpg https://contribua.org/bairros/oeste/catole/Rua_Honorio_de_Melo__240__90.jpg"""
16068+2015-03-29T14:22:59.967362+517+44615+696++2015-03-29T14:22:59.967395+++"""Qual local lhe parece mais agrad%C3%A1vel? Left https://contribua.org/bairros/oeste/catole/Rua_Olegario_Mariano__139_180.jpg https://contribua.org/bairros/norte/centro/Rua_Joao_da_Mata__490_270.jpg"""
16071+2015-03-30T19:36:27.000678+517+44730+697++2015-03-30T19:36:27.000709+++"""Qual local lhe parece mais agrad%C3%A1vel? Right https://contribua.org/bairros/oeste/liberdade/Rua_Padre_Pedro_Serrao__336__270.jpg https://contribua.org/bairros/oeste/catole/Rua_Deputado_Ascendino_Moura__101__90.jpg"""
16074+2015-03-30T19:36:41.312435+517+44622+697++2015-03-30T19:36:41.312467+++"""Qual local lhe parece mais agrad%C3%A1vel? Left https://contribua.org/bairros/oeste/catole/Rua_Doutor_Antonio_Telha__235_180.jpg https://contribua.org/bairros/norte/centro/Rua_Joao_da_Mata__490_270.jpg"""
16097+2015-03-30T19:39:16.736557+517+44761+697++2015-03-30T19:39:16.736594+++"""Qual local lhe parece mais seguro? Right https://contribua.org/bairros/oeste/liberdade/Rua_Riachuelo__847__0.jpg https://contribua.org/bairros/norte/centro/Rua_Coronel_Salvino_Figueiredo__251_270.jpg"""
16099+2015-03-30T19:39:22.608700+517+44621+697++2015-03-30T19:39:22.608731+++"""Qual local lhe parece mais seguro? Left https://contribua.org/bairros/oeste/liberdade/Rua_Odon_Bezerra__306_270.jpg https://contribua.org/bairros/norte/centro/Rua_Felix_Araujo__48__90.jpg"""
16100+2015-03-30T19:39:24.386603+517+44756+697++2015-03-30T19:39:24.386636+++"""Qual local lhe parece mais agrad%C3%A1vel? Right https://contribua.org/bairros/oeste/liberdade/Rua_Padre_Pedro_Serrao__207__270.jpg https://contribua.org/bairros/oeste/catole/Rua_Doutor_Antonio_Telha_-_Catole__Campina_Grande__90.jpg"""
16081+2015-03-30T19:38:08.272127+517+44717+697++2015-03-30T19:38:08.272162+++"""{age=29|sex=Masculino|class=M\u00e9dia Baixa (R$ 1.450 a R$ 2.899,99)|educ=Gradua\u00e7\u00e3o|city=Campina Grande|time=29|rel=Solteiro|neig=cen;lib;cat} Qual local lhe parece mais agrad%C3%A1vel? NotKnown https://contribua.org/bairros/oeste/liberdade/Rua_Riachuelo__930__0.jpg https://contribua.org/bairros/oeste/catole/Rua_Honorio_de_Melo__240__90.jpg"""
16091+2015-03-30T19:38:45.619169+517+44721+697++2015-03-30T19:38:45.619201+++"""Qual local lhe parece mais agrad%C3%A1vel? Left https://contribua.org/bairros/oeste/catole/Rua_Olegario_Mariano__139_270.jpg https://contribua.org/bairros/oeste/catole/Rua_Deputado_Ascendino_Moura__101__270.jpg"""
16108+2015-03-30T19:39:51.673713+517+44706+697++2015-03-30T19:39:51.673746+++"""Qual local lhe parece mais seguro? Right https://contribua.org/bairros/oeste/catole/Rua_Doutor_Antonio_Telha__68__270.jpg https://contribua.org/bairros/norte/centro/Rua_Doutor_Severino_Cruz__411__90.jpg"""
16113+2015-03-30T19:40:10.110865+517+44606+697++2015-03-30T19:40:10.110881+++"""Qual local lhe parece mais agrad%C3%A1vel? Right https://contribua.org/bairros/oeste/catole/Rua_Vigario_Calixto__1201_0.jpg https://contribua.org/bairros/oeste/catole/Avenida_Prefeito_Severino_Bezerra_Cabral__218_0.jpg"""
16136+2015-03-31T13:31:48.783111+517+44715+638++2015-03-31T13:31:48.783145+++"""Qual local lhe parece mais agrad%C3%A1vel? Right https://contribua.org/bairros/oeste/catole/Rua_Sebastiao_Vieira_da_Silva__1273__180.jpg https://contribua.org/bairros/oeste/catole/Rua_Cristina_Procopio_da_Silva__62__90.jpg"""
16152+2015-03-31T13:32:59.404656+517+44531+638++2015-03-31T13:32:59.404690+++"""Qual local lhe parece mais agrad%C3%A1vel? Right https://contribua.org/bairros/oeste/liberdade/Rua_Severino_Pimentel__439__0.jpg https://contribua.org/bairros/oeste/catole/Avenida_Prefeito_Severino_Bezerra_Cabral__218_0.jpg"""
16161+2015-03-31T13:33:48.716590+517+44791+638++2015-03-31T13:33:48.716623+++"""Qual local lhe parece mais agrad%C3%A1vel? Right https://contribua.org/bairros/oeste/liberdade/Rua_Sergipe__1337_0.jpg https://contribua.org/bairros/oeste/catole/Rua_Doutor_Antonio_Telha_-_Catole__Campina_Grande__90.jpg"""
16193+2015-03-31T13:42:45.794339+517+44780+638++2015-03-31T13:42:45.794437+++"""Qual local lhe parece mais seguro? Left https://contribua.org/bairros/oeste/catole/Rua_Doutor_Antonio_Telha_-_Catole__Campina_Grande__90.jpg https://contribua.org/bairros/norte/centro/Rua_Coronel_Salvino_Figueiredo__251_270.jpg"""
16128+2015-03-30T19:41:47.475176+517+44739+697++2015-03-30T19:41:47.475215+++"""Qual local lhe parece mais agrad%C3%A1vel? Right https://contribua.org/bairros/oeste/liberdade/Rua_Espirito_Santo__1288__180.jpg https://contribua.org/bairros/oeste/catole/Rua_Luisa_Bezerra_Mota__246_90.jpg"""
16130+2015-03-30T19:41:51.567886+517+44650+697++2015-03-30T19:41:51.567921+++"""Qual local lhe parece mais agrad%C3%A1vel? Left https://contribua.org/bairros/oeste/catole/Rua_Olegario_Mariano__139_0.jpg https://contribua.org/bairros/oeste/catole/Rua_Cristina_Procopio_da_Silva__62__270.jpg"""
16170+2015-03-31T13:34:25.861481+517+44758+638++2015-03-31T13:34:25.861514+++"""Qual local lhe parece mais seguro? Left https://contribua.org/bairros/oeste/liberdade/Rua_Odon_Bezerra__147_270.jpg https://contribua.org/bairros/norte/centro/Rua_Elias_Aforas__202_0.jpg"""
16171+2015-03-31T13:34:28.497930+517+44692+638++2015-03-31T13:34:28.497964+++"""Qual local lhe parece mais agrad%C3%A1vel? Left https://contribua.org/bairros/oeste/liberdade/Rua_Sergipe__1337_0.jpg https://contribua.org/bairros/norte/centro/Rua_Pedro_Alvares_Cabral__129_90.jpg"""
16172+2015-03-31T13:34:31.797052+517+44760+638++2015-03-31T13:34:31.797083+++"""Qual local lhe parece mais agrad%C3%A1vel? Left https://contribua.org/bairros/oeste/liberdade/Rua_Severino_Pimentel__439__180.jpg https://contribua.org/bairros/norte/centro/Rua_Manoel_P._de_Araujo__150_90.jpg"""
16174+2015-03-31T13:34:41.322532+517+44746+638++2015-03-31T13:34:41.322549+++"""Qual local lhe parece mais seguro? Right https://contribua.org/bairros/oeste/liberdade/Rua_Acre__635_270.jpg https://contribua.org/bairros/norte/centro/Rua_Felix_Araujo__132__270.jpg"""
16139+2015-03-31T13:32:07.951681+517+44667+638++2015-03-31T13:32:07.951716+++"""Qual local lhe parece mais seguro? Right https://contribua.org/bairros/oeste/liberdade/Rua_Edesio_Silva__602__0.jpg https://contribua.org/bairros/norte/centro/Rua_Joao_da_Mata__490_90.jpg"""
16271+2015-03-31T14:04:18.738193+517+44697+698++2015-03-31T14:04:18.738250+++"""Qual local lhe parece mais seguro? Left https://contribua.org/bairros/oeste/liberdade/Rua_Odon_Bezerra__388__90.jpg https://contribua.org/bairros/norte/centro/Rua_Doutor_Severino_Cruz__411__90.jpg"""
16289+2015-03-31T14:06:41.978732+517+44828+698++2015-03-31T14:06:41.978749+++"""Qual local lhe parece mais agrad%C3%A1vel? Right https://contribua.org/bairros/oeste/liberdade/Rua_Padre_Pedro_Serrao__207__90.jpg https://contribua.org/bairros/oeste/catole/Rua_Cristina_Procopio_da_Silva__62__90.jpg"""
16295+2015-03-31T14:06:57.526591+517+44780+698++2015-03-31T14:06:57.526616+++"""Qual local lhe parece mais seguro? Left https://contribua.org/bairros/oeste/catole/Rua_Doutor_Antonio_Telha_-_Catole__Campina_Grande__90.jpg https://contribua.org/bairros/norte/centro/Rua_Coronel_Salvino_Figueiredo__251_270.jpg"""
16138+2015-03-31T13:31:59.505525+517+44665+638++2015-03-31T13:31:59.505538+++"""Qual local lhe parece mais seguro? Right https://contribua.org/bairros/oeste/liberdade/Rua_Severino_Pimentel__321__180.jpg https://contribua.org/bairros/norte/centro/Rua_Doutor_Severino_Cruz__411__270.jpg"""
16178+2015-03-31T13:35:04.777455+517+44783+638++2015-03-31T13:35:04.777488+++"""Qual local lhe parece mais seguro? Left https://contribua.org/bairros/norte/centro/Rua_Coronel_Salvino_Figueiredo__251_90.jpg https://contribua.org/bairros/norte/centro/Rua_Elias_Aforas__202_0.jpg"""
16180+2015-03-31T13:35:12.422236+517+44702+638++2015-03-31T13:35:12.422267+++"""Qual local lhe parece mais seguro? Right https://contribua.org/bairros/oeste/catole/Rua_Doutor_Antonio_Telha_-_Catole__Campina_Grande__90.jpg https://contribua.org/bairros/norte/centro/Rua_Felix_Araujo__48__90.jpg"""
16188+2015-03-31T13:39:31.575021+517+44816+638++2015-03-31T13:39:31.575058+++"""Qual local lhe parece mais agrad%C3%A1vel? NotKnown https://contribua.org/bairros/norte/centro/Rua_Manoel_P._de_Araujo__150_90.jpg https://contribua.org/bairros/norte/centro/Rua_Felix_Araujo__48__90.jpg"""
16190+2015-03-31T13:39:39.174281+517+44819+638++2015-03-31T13:39:39.174314+++"""Qual local lhe parece mais seguro? Right https://contribua.org/bairros/oeste/catole/Rua_Deputado_Ascendino_Moura__101__270.jpg https://contribua.org/bairros/norte/centro/Rua_Felix_Araujo__132__270.jpg"""
16191+2015-03-31T13:39:41.562929+517+44626+638++2015-03-31T13:39:41.562962+++"""Qual local lhe parece mais seguro? Left https://contribua.org/bairros/oeste/liberdade/Rua_Padre_Pedro_Serrao__207__270.jpg https://contribua.org/bairros/norte/centro/Rua_Manoel_P._de_Araujo__370_180.jpg"""
16192+2015-03-31T13:39:44.231609+517+44813+638++2015-03-31T13:39:44.231643+++"""Qual local lhe parece mais seguro? Right https://contribua.org/bairros/oeste/liberdade/Rua_Acre__635_90.jpg https://contribua.org/bairros/norte/centro/Rua_Felix_Araujo__132__270.jpg"""
16205+2015-03-31T13:43:29.501334+517+44621+638++2015-03-31T13:43:29.501367+++"""Qual local lhe parece mais seguro? Right https://contribua.org/bairros/oeste/liberdade/Rua_Odon_Bezerra__306_270.jpg https://contribua.org/bairros/norte/centro/Rua_Felix_Araujo__48__90.jpg"""
16249+2015-03-31T14:01:46.923839+517+44781+698++2015-03-31T14:01:46.923855+++"""Qual local lhe parece mais seguro? Right https://contribua.org/bairros/oeste/liberdade/Rua_Riachuelo__930__180.jpg https://contribua.org/bairros/norte/centro/Rua_Elias_Aforas__67__0.jpg"""
16250+2015-03-31T14:01:50.774605+517+44727+698++2015-03-31T14:01:50.774626+++"""Qual local lhe parece mais seguro? Right https://contribua.org/bairros/oeste/liberdade/Rua_Severino_Pimentel__511_90.jpg https://contribua.org/bairros/norte/centro/Rua_Augusto_Severo__71_0.jpg"""
16258+2015-03-31T14:03:16.937715+517+44758+698++2015-03-31T14:03:16.937732+++"""Qual local lhe parece mais seguro? Left https://contribua.org/bairros/oeste/liberdade/Rua_Odon_Bezerra__147_270.jpg https://contribua.org/bairros/norte/centro/Rua_Elias_Aforas__202_0.jpg"""
16261+2015-03-31T14:03:33.368548+517+44759+698++2015-03-31T14:03:33.368581+++"""Qual local lhe parece mais seguro? Left https://contribua.org/bairros/oeste/liberdade/Rua_Odon_Bezerra__388__270.jpg https://contribua.org/bairros/norte/centro/Rua_Elias_Aforas__202_0.jpg"""
16266+2015-03-31T14:04:00.077574+517+44773+698++2015-03-31T14:04:00.077606+++"""Qual local lhe parece mais agrad%C3%A1vel? Right https://contribua.org/bairros/oeste/liberdade/Rua_Santa_Catarina__1231__0.jpg https://contribua.org/bairros/oeste/catole/Rua_Vigario_Calixto__1201_0.jpg"""
16220+2015-03-31T13:44:21.118896+517+44786+638++2015-03-31T13:44:21.118929+++"""Qual local lhe parece mais agrad%C3%A1vel? Right https://contribua.org/bairros/oeste/catole/Rua_Honorio_de_Melo__240__270.jpg https://contribua.org/bairros/oeste/catole/Rua_Joao_Francisco_Mota__64__90.jpg"""
16223+2015-03-31T13:44:28.947608+517+44848+638++2015-03-31T13:44:28.947642+++"""Qual local lhe parece mais seguro? Right https://contribua.org/bairros/oeste/liberdade/Rua_Sergipe__1337_90.jpg https://contribua.org/bairros/norte/centro/Avenida_Presidente_Getulio_Vargas__210__180.jpg"""
16224+2015-03-31T13:44:33.110260+517+44830+638++2015-03-31T13:44:33.110293+++"""Qual local lhe parece mais agrad%C3%A1vel? Left https://contribua.org/bairros/oeste/catole/Rua_Vigario_Calixto__1201_180.jpg https://contribua.org/bairros/oeste/catole/Avenida_Prefeito_Severino_Bezerra_Cabral__218_90.jpg"""
16236+2015-03-31T13:56:04.481170+517+44790+698++2015-03-31T13:56:04.481202+++"""Qual local lhe parece mais agrad%C3%A1vel? Left https://contribua.org/bairros/oeste/liberdade/Rua_Espirito_Santo__1288__0.jpg https://contribua.org/bairros/norte/centro/Rua_Manoel_P._de_Araujo__150_90.jpg"""
16283+2015-03-31T14:05:13.948913+517+44865+698++2015-03-31T14:05:13.948930+++"""Qual local lhe parece mais agrad%C3%A1vel? Right https://contribua.org/bairros/oeste/catole/Rua_Olegario_Mariano__139_0.jpg https://contribua.org/bairros/oeste/catole/Avenida_Prefeito_Severino_Bezerra_Cabral__218_90.jpg"""
16287+2015-03-31T14:05:29.970553+517+44836+698++2015-03-31T14:05:29.970570+++"""Qual local lhe parece mais seguro? Left https://contribua.org/bairros/oeste/liberdade/Rua_Odon_Bezerra__306_90.jpg https://contribua.org/bairros/norte/centro/Rua_Elias_Aforas__202_0.jpg"""
16317+2015-03-31T14:08:34.223855+517+44745+698++2015-03-31T14:08:34.223887+++"""Qual local lhe parece mais seguro? Right https://contribua.org/bairros/oeste/liberdade/Rua_Edesio_Silva__602__180.jpg https://contribua.org/bairros/norte/centro/Avenida_Presidente_Getulio_Vargas__210__180.jpg"""
16321+2015-03-31T14:08:41.911661+517+44845+698++2015-03-31T14:08:41.911692+++"""Qual local lhe parece mais agrad%C3%A1vel? Right https://contribua.org/bairros/oeste/liberdade/Rua_Edesio_Silva__602__0.jpg https://contribua.org/bairros/oeste/catole/Rua_Honorio_de_Melo__240__90.jpg"""
16240+2015-03-31T13:56:42.494986+517+44806+698++2015-03-31T13:56:42.495018+++"""Qual local lhe parece mais agrad%C3%A1vel? Left https://contribua.org/bairros/oeste/liberdade/Rua_Severino_Pimentel__439__180.jpg https://contribua.org/bairros/oeste/catole/Rua_Aluisio_Cunha_Linha__50__270.jpg"""
16254+2015-03-31T14:02:54.013435+517+44809+698++2015-03-31T14:02:54.013468+++"""Qual local lhe parece mais agrad%C3%A1vel? Right https://contribua.org/bairros/oeste/liberdade/Rua_Odon_Bezerra__147_270.jpg https://contribua.org/bairros/oeste/catole/Rua_Deputado_Ascendino_Moura__101__90.jpg"""
16263+2015-03-31T14:03:46.700508+517+44671+698++2015-03-31T14:03:46.700543+++"""Qual local lhe parece mais agrad%C3%A1vel? Left https://contribua.org/bairros/oeste/catole/Rua_Luisa_Bezerra_Mota__246_270.jpg https://contribua.org/bairros/norte/centro/Rua_Manoel_P._de_Araujo__370_0.jpg"""
16276+2015-03-31T14:04:42.517562+517+44797+698++2015-03-31T14:04:42.517598+++"""Qual local lhe parece mais agrad%C3%A1vel? Right https://contribua.org/bairros/oeste/catole/Rua_Doutor_Antonio_Telha__235_180.jpg https://contribua.org/bairros/oeste/catole/Rua_Honorio_de_Melo__240__90.jpg"""
16294+2015-03-31T14:06:54.814293+517+44608+698++2015-03-31T14:06:54.814316+++"""Qual local lhe parece mais agrad%C3%A1vel? NotKnown https://contribua.org/bairros/norte/centro/Rua_Pedro_Alvares_Cabral__129_90.jpg https://contribua.org/bairros/norte/centro/Rua_Felix_Araujo__132__90.jpg"""
16322+2015-03-31T14:08:43.429070+517+44903+698++2015-03-31T14:08:43.429102+++"""Qual local lhe parece mais seguro? Right https://contribua.org/bairros/oeste/liberdade/Rua_Riachuelo__930__180.jpg https://contribua.org/bairros/norte/centro/Rua_Augusto_Severo__71_0.jpg"""
16324+2015-03-31T14:08:49.226494+517+44835+698++2015-03-31T14:08:49.226526+++"""Qual local lhe parece mais agrad%C3%A1vel? Right https://contribua.org/bairros/oeste/catole/Rua_Doutor_Antonio_Telha__68__270.jpg https://contribua.org/bairros/oeste/catole/Rua_Doutor_Antonio_Telha__68__90.jpg"""
16277+2015-03-31T14:04:45.530234+517+44832+698++2015-03-31T14:04:45.530266+++"""Qual local lhe parece mais seguro? Left https://contribua.org/bairros/norte/centro/Rua_Joao_da_Mata__490_270.jpg https://contribua.org/bairros/norte/centro/Rua_Elias_Aforas__67__0.jpg"""
16281+2015-03-31T14:04:58.480721+517+44863+698++2015-03-31T14:04:58.480754+++"""Qual local lhe parece mais seguro? Left https://contribua.org/bairros/oeste/catole/Rua_Vigario_Calixto__1201_180.jpg https://contribua.org/bairros/norte/centro/Rua_Elias_Aforas__202_0.jpg"""
16306+2015-03-31T14:08:01.733936+517+44848+698++2015-03-31T14:08:01.733955+++"""Qual local lhe parece mais seguro? Right https://contribua.org/bairros/oeste/liberdade/Rua_Sergipe__1337_90.jpg https://contribua.org/bairros/norte/centro/Avenida_Presidente_Getulio_Vargas__210__180.jpg"""
16329+2015-03-31T14:09:00.593969+517+44860+698++2015-03-31T14:09:00.593988+++"""Qual local lhe parece mais seguro? Left https://contribua.org/bairros/norte/centro/Rua_Joao_da_Mata__490_90.jpg https://contribua.org/bairros/norte/centro/Rua_Elias_Aforas__202_0.jpg"""
16330+2015-03-31T14:09:05.308341+517+44731+698++2015-03-31T14:09:05.308358+++"""Qual local lhe parece mais seguro? NotKnown https://contribua.org/bairros/oeste/liberdade/Rua_Padre_Pedro_Serrao__336__90.jpg https://contribua.org/bairros/norte/centro/Rua_Coronel_Salvino_Figueiredo__251_90.jpg"""
16303+2015-03-31T14:07:54.547196+517+44782+698++2015-03-31T14:07:54.547216+++"""Qual local lhe parece mais agrad%C3%A1vel? Right https://contribua.org/bairros/oeste/catole/Rua_Deputado_Ascendino_Moura__101__270.jpg https://contribua.org/bairros/oeste/catole/Rua_Honorio_de_Melo__240__90.jpg"""
16304+2015-03-31T14:07:57.816636+517+44876+698++2015-03-31T14:07:57.816653+++"""Qual local lhe parece mais seguro? Left https://contribua.org/bairros/norte/centro/Rua_Felix_Araujo__132__90.jpg https://contribua.org/bairros/norte/centro/Rua_Coronel_Salvino_Figueiredo__251_90.jpg"""
16305+2015-03-31T14:07:59.715921+517+44866+698++2015-03-31T14:07:59.715944+++"""Qual local lhe parece mais agrad%C3%A1vel? Right https://contribua.org/bairros/oeste/liberdade/Rua_Odon_Bezerra__306_270.jpg https://contribua.org/bairros/oeste/catole/Rua_Doutor_Antonio_Telha_-_Catole__Campina_Grande__90.jpg"""
16482+2015-04-01T01:12:44.823834+517+44767+511++2015-04-01T01:12:44.823848+++"""Qual local lhe parece mais seguro? Left https://contribua.org/bairros/oeste/liberdade/Rua_Odon_Bezerra__306_270.jpg https://contribua.org/bairros/norte/centro/Rua_Elias_Aforas__202_0.jpg"""
16483+2015-04-01T01:12:47.744409+517+44719+511++2015-04-01T01:12:47.744442+++"""Qual local lhe parece mais agrad%C3%A1vel? Left https://contribua.org/bairros/oeste/catole/Rua_Honorio_de_Melo__240__90.jpg https://contribua.org/bairros/oeste/catole/Avenida_Prefeito_Severino_Bezerra_Cabral__218_90.jpg"""
16531+2015-04-02T13:40:47.715118+517+44765+700++2015-04-02T13:40:47.715151+++"""Qual local lhe parece mais agrad%C3%A1vel? Right https://contribua.org/bairros/oeste/liberdade/Rua_Sergipe__1337_90.jpg https://contribua.org/bairros/oeste/catole/Rua_Deputado_Ascendino_Moura__101__270.jpg"""
16535+2015-04-02T13:41:09.695594+517+44660+700++2015-04-02T13:41:09.695627+++"""Qual local lhe parece mais agrad%C3%A1vel? Right https://contribua.org/bairros/oeste/catole/Rua_Doutor_Antonio_Telha__68__270.jpg https://contribua.org/bairros/norte/centro/Rua_Joao_da_Mata__490_270.jpg"""
16450+2015-04-01T01:09:41.127205+517+44759+511++2015-04-01T01:09:41.127219+++"""Qual local lhe parece mais seguro? Left https://contribua.org/bairros/oeste/liberdade/Rua_Odon_Bezerra__388__270.jpg https://contribua.org/bairros/norte/centro/Rua_Elias_Aforas__202_0.jpg"""
16453+2015-04-01T01:09:55.960388+517+44806+511++2015-04-01T01:09:55.960421+++"""Qual local lhe parece mais agrad%C3%A1vel? Left https://contribua.org/bairros/oeste/liberdade/Rua_Severino_Pimentel__439__180.jpg https://contribua.org/bairros/oeste/catole/Rua_Aluisio_Cunha_Linha__50__270.jpg"""
16454+2015-04-01T01:10:00.607089+517+44812+511++2015-04-01T01:10:00.607102+++"""Qual local lhe parece mais seguro? Right https://contribua.org/bairros/oeste/liberdade/Rua_Sergipe__1337_90.jpg https://contribua.org/bairros/norte/centro/Rua_Coronel_Salvino_Figueiredo__251_90.jpg"""
16456+2015-04-01T01:10:11.275587+517+44710+511++2015-04-01T01:10:11.275621+++"""Qual local lhe parece mais seguro? Right https://contribua.org/bairros/oeste/liberdade/Rua_Odon_Bezerra__388__90.jpg https://contribua.org/bairros/norte/centro/Rua_Joao_da_Mata__490_270.jpg"""
16480+2015-04-01T01:12:36.089544+517+44612+511++2015-04-01T01:12:36.089576+++"""Qual local lhe parece mais agrad%C3%A1vel? Left https://contribua.org/bairros/oeste/catole/Rua_Deputado_Ascendino_Moura__101__90.jpg https://contribua.org/bairros/norte/centro/Rua_Pedro_Alvares_Cabral__129_90.jpg"""
16492+2015-04-01T01:13:51.755560+517+44809+511++2015-04-01T01:13:51.755592+++"""Qual local lhe parece mais agrad%C3%A1vel? NotKnown https://contribua.org/bairros/oeste/liberdade/Rua_Odon_Bezerra__147_270.jpg https://contribua.org/bairros/oeste/catole/Rua_Deputado_Ascendino_Moura__101__90.jpg"""
16499+2015-04-01T01:14:34.008734+517+44781+511++2015-04-01T01:14:34.008767+++"""Qual local lhe parece mais seguro? Right https://contribua.org/bairros/oeste/liberdade/Rua_Riachuelo__930__180.jpg https://contribua.org/bairros/norte/centro/Rua_Elias_Aforas__67__0.jpg"""
16459+2015-04-01T01:10:30.592057+517+44844+511++2015-04-01T01:10:30.592074+++"""Qual local lhe parece mais agrad%C3%A1vel? Left https://contribua.org/bairros/oeste/catole/Rua_Doutor_Antonio_Telha__235_180.jpg https://contribua.org/bairros/oeste/catole/Rua_Doutor_Antonio_Telha__68__90.jpg"""
16489+2015-04-01T01:13:27.748729+517+44853+511++2015-04-01T01:13:27.748760+++"""Qual local lhe parece mais agrad%C3%A1vel? NotKnown https://contribua.org/bairros/oeste/catole/Rua_Sebastiao_Vieira_da_Silva__1273__0.jpg https://contribua.org/bairros/oeste/catole/Rua_Aluisio_Cunha_Linha__50__270.jpg"""
16484+2015-04-01T01:13:02.217940+517+44893+511++2015-04-01T01:13:02.217957+++"""Qual local lhe parece mais agrad%C3%A1vel? Right https://contribua.org/bairros/oeste/liberdade/Rua_Odon_Bezerra__388__90.jpg https://contribua.org/bairros/oeste/catole/Rua_Aluisio_Cunha_Linha__50__270.jpg"""
16485+2015-04-01T01:13:06.662941+517+44825+511++2015-04-01T01:13:06.662959+++"""Qual local lhe parece mais seguro? Right https://contribua.org/bairros/norte/centro/Rua_Augusto_Severo__71_0.jpg https://contribua.org/bairros/norte/centro/Rua_Felix_Araujo__132__270.jpg"""
16486+2015-04-01T01:13:10.648596+517+44757+511++2015-04-01T01:13:10.648613+++"""Qual local lhe parece mais seguro? Left https://contribua.org/bairros/norte/centro/Rua_Pedro_Alvares_Cabral__129_180.jpg https://contribua.org/bairros/norte/centro/Avenida_Presidente_Getulio_Vargas__210__0.jpg"""
16546+2015-04-02T13:42:56.644781+517+44804+700++2015-04-02T13:42:56.644815+++"""Qual local lhe parece mais agrad%C3%A1vel? Left https://contribua.org/bairros/norte/centro/Rua_Quebra_Quilos__399__270.jpg https://contribua.org/bairros/norte/centro/Rua_Felix_Araujo__48__90.jpg"""
16599+2015-04-09T18:43:44.743678+517+44870+641++2015-04-09T18:43:44.743711+++"""Qual local lhe parece mais seguro? Right https://contribua.org/bairros/oeste/liberdade/Rua_Riachuelo__930__0.jpg https://contribua.org/bairros/norte/centro/Rua_Elias_Aforas__67__0.jpg"""
16661+2015-04-16T07:39:07.628117+517+44833+702++2015-04-16T07:39:07.628151+++"""Qual local lhe parece mais agrad%C3%A1vel? Left https://contribua.org/bairros/oeste/catole/Rua_Deputado_Ascendino_Moura__101__270.jpg https://contribua.org/bairros/oeste/catole/Avenida_Prefeito_Severino_Bezerra_Cabral__218_90.jpg"""
16736+2015-04-16T12:20:07.857796+517+44980+703++2015-04-16T12:20:07.857830+++"""Qual local lhe parece mais seguro? NotKnown https://contribua.org/bairros/norte/centro/Rua_Quebra_Quilos__399__90.jpg https://contribua.org/bairros/norte/centro/Rua_Coronel_Salvino_Figueiredo__251_270.jpg"""
16755+2015-04-16T12:21:09.710331+517+44967+703++2015-04-16T12:21:09.710365+++"""Qual local lhe parece mais seguro? NotKnown https://contribua.org/bairros/oeste/catole/Rua_Inacio_Marques_da_Silva__434_90.jpg https://contribua.org/bairros/norte/centro/Rua_Augusto_Severo__71_90.jpg"""
16760+2015-04-16T12:21:28.781058+517+45016+703++2015-04-16T12:21:28.781092+++"""Qual local lhe parece mais agrad%C3%A1vel? Left https://contribua.org/bairros/oeste/liberdade/Rua_Severino_Pimentel__439__180.jpg https://contribua.org/bairros/norte/centro/Rua_Felix_Araujo__48__90.jpg"""
16768+2015-04-16T12:22:02.665350+517+44989+703++2015-04-16T12:22:02.665385+++"""Qual local lhe parece mais seguro? Left https://contribua.org/bairros/norte/centro/Rua_Quebra_Quilos__399__270.jpg https://contribua.org/bairros/norte/centro/Rua_Coronel_Salvino_Figueiredo__251_90.jpg"""
16653+2015-04-16T07:37:47.257180+517+44918+702++2015-04-16T07:37:47.257216+++"""Qual local lhe parece mais seguro? Right https://contribua.org/bairros/oeste/liberdade/Rua_Sergipe__1337_90.jpg https://contribua.org/bairros/norte/centro/Avenida_Presidente_Getulio_Vargas__210__0.jpg"""
16770+2015-04-16T12:22:11.394498+517+44948+703++2015-04-16T12:22:11.394536+++"""Qual local lhe parece mais agrad%C3%A1vel? Right https://contribua.org/bairros/oeste/liberdade/Rua_Acre__635_270.jpg https://contribua.org/bairros/oeste/catole/Rua_Luisa_Bezerra_Mota__246_90.jpg"""
16631+2015-04-16T01:13:41.368456+517+44867+701++2015-04-16T01:13:41.368473+++"""{age=20|sex=Feminino|class=M\u00e9dia Baixa (R$ 1.450 a R$ 2.899,99)|educ=Gradua\u00e7\u00e3o|city=Campina Grande - State of Para\u00edba, Brazil|time=19|rel=Solteiro|neig=} Qual local lhe parece mais seguro? Right https://contribua.org/bairros/norte/centro/Rua_Pedro_Alvares_Cabral__129_180.jpg https://contribua.org/bairros/norte/centro/Rua_Augusto_Severo__71_0.jpg"""
16640+2015-04-16T01:15:07.692380+517+44766+701++2015-04-16T01:15:07.692414+++"""Qual local lhe parece mais agrad%C3%A1vel? Left https://contribua.org/bairros/oeste/catole/Rua_Olegario_Mariano__139_90.jpg https://contribua.org/bairros/oeste/catole/Rua_Doutor_Antonio_Telha__68__90.jpg"""
16724+2015-04-16T12:18:56.728817+517+44960+703++2015-04-16T12:18:56.728850+++"""Qual local lhe parece mais agrad%C3%A1vel? Right https://contribua.org/bairros/oeste/catole/Rua_Otacilio_Nepomuceno__76_90.jpg https://contribua.org/bairros/oeste/catole/Avenida_Prefeito_Severino_Bezerra_Cabral__218_90.jpg"""
16632+2015-04-16T01:13:59.082373+517+44790+701++2015-04-16T01:13:59.082409+++"""Qual local lhe parece mais agrad%C3%A1vel? Left https://contribua.org/bairros/oeste/liberdade/Rua_Espirito_Santo__1288__0.jpg https://contribua.org/bairros/norte/centro/Rua_Manoel_P._de_Araujo__150_90.jpg"""
16651+2015-04-16T07:37:37.923441+517+44930+702++2015-04-16T07:37:37.923476+++"""Qual local lhe parece mais seguro? Right https://contribua.org/bairros/oeste/catole/Rua_Cristina_Procopio_da_Silva__62__90.jpg https://contribua.org/bairros/norte/centro/Avenida_Presidente_Getulio_Vargas__210__180.jpg"""
16688+2015-04-16T07:40:31.317535+517+44963+702++2015-04-16T07:40:31.317568+++"""Qual local lhe parece mais seguro? Right https://contribua.org/bairros/oeste/liberdade/Rua_Padre_Pedro_Serrao__207__270.jpg https://contribua.org/bairros/norte/centro/Avenida_Presidente_Getulio_Vargas__210__180.jpg"""
16691+2015-04-16T07:40:36.899951+517+44893+702++2015-04-16T07:40:36.899987+++"""Qual local lhe parece mais agrad%C3%A1vel? Left https://contribua.org/bairros/oeste/liberdade/Rua_Odon_Bezerra__388__90.jpg https://contribua.org/bairros/oeste/catole/Rua_Aluisio_Cunha_Linha__50__270.jpg"""
16732+2015-04-16T12:19:25.970339+517+44783+703++2015-04-16T12:19:25.970373+++"""Qual local lhe parece mais seguro? NotKnown https://contribua.org/bairros/norte/centro/Rua_Coronel_Salvino_Figueiredo__251_90.jpg https://contribua.org/bairros/norte/centro/Rua_Elias_Aforas__202_0.jpg"""
16635+2015-04-16T01:14:18.762015+517+44825+701++2015-04-16T01:14:18.762051+++"""Qual local lhe parece mais seguro? Left https://contribua.org/bairros/norte/centro/Rua_Augusto_Severo__71_0.jpg https://contribua.org/bairros/norte/centro/Rua_Felix_Araujo__132__270.jpg"""
16644+2015-04-16T07:36:58.538095+517+44831+702++2015-04-16T07:36:58.538128+++"""Qual local lhe parece mais agrad%C3%A1vel? Right https://contribua.org/bairros/oeste/liberdade/Rua_Padre_Pedro_Serrao__207__270.jpg https://contribua.org/bairros/oeste/catole/Rua_Joao_Francisco_Mota__64__90.jpg"""
16650+2015-04-16T07:37:31.723597+517+44934+702++2015-04-16T07:37:31.723630+++"""Qual local lhe parece mais seguro? Left https://contribua.org/bairros/norte/centro/Rua_Manoel_P._de_Araujo__150_270.jpg https://contribua.org/bairros/norte/centro/Avenida_Presidente_Getulio_Vargas__210__180.jpg"""
16668+2015-04-16T07:39:28.373574+517+44877+702++2015-04-16T07:39:28.373608+++"""Qual local lhe parece mais agrad%C3%A1vel? Right https://contribua.org/bairros/oeste/catole/Rua_Doutor_Antonio_Telha__68__270.jpg https://contribua.org/bairros/oeste/catole/Rua_Luisa_Bezerra_Mota__246_90.jpg"""
16671+2015-04-16T07:39:37.722172+517+44946+702++2015-04-16T07:39:37.722206+++"""Qual local lhe parece mais seguro? Right https://contribua.org/bairros/oeste/liberdade/Rua_Odon_Bezerra__147_90.jpg https://contribua.org/bairros/norte/centro/Avenida_Presidente_Joao_Pessoa__128__180.jpg"""
16686+2015-04-16T07:40:25.807677+517+44928+702++2015-04-16T07:40:25.807713+++"""Qual local lhe parece mais seguro? Left https://contribua.org/bairros/norte/centro/Rua_Felix_Araujo__48__270.jpg https://contribua.org/bairros/norte/centro/Avenida_Presidente_Getulio_Vargas__210__0.jpg"""
16749+2015-04-16T12:20:48.947434+517+44924+703++2015-04-16T12:20:48.947467+++"""Qual local lhe parece mais seguro? Left https://contribua.org/bairros/oeste/catole/Rua_Olegario_Mariano__139_0.jpg https://contribua.org/bairros/norte/centro/Avenida_Presidente_Getulio_Vargas__210__0.jpg"""
16777+2015-04-16T12:22:32.850751+517+44850+703++2015-04-16T12:22:32.850784+++"""Qual local lhe parece mais agrad%C3%A1vel? Left https://contribua.org/bairros/oeste/catole/Rua_Olegario_Mariano__139_0.jpg https://contribua.org/bairros/norte/centro/Rua_Manoel_P._de_Araujo__150_90.jpg"""
16641+2015-04-16T01:15:36.876340+517+44671+701++2015-04-16T01:15:36.876372+++"""{age=20|sex=Feminino|class=M\u00e9dia Baixa (R$ 1.450 a R$ 2.899,99)|educ=Gradua\u00e7\u00e3o|city=Campina Grande - State of Para\u00edba, Brazil|time=19|rel=Solteiro|neig=cen;cat} Qual local lhe parece mais agrad%C3%A1vel? Left https://contribua.org/bairros/oeste/catole/Rua_Luisa_Bezerra_Mota__246_270.jpg https://contribua.org/bairros/norte/centro/Rua_Manoel_P._de_Araujo__370_0.jpg"""
16645+2015-04-16T07:37:02.916096+517+44827+702++2015-04-16T07:37:02.916128+++"""Qual local lhe parece mais agrad%C3%A1vel? Right https://contribua.org/bairros/oeste/liberdade/Rua_Padre_Pedro_Serrao__336__90.jpg https://contribua.org/bairros/oeste/catole/Rua_Joao_Francisco_Mota__64__90.jpg"""
16738+2015-04-16T12:20:12.849808+517+44914+703++2015-04-16T12:20:12.849843+++"""Qual local lhe parece mais agrad%C3%A1vel? NotKnown https://contribua.org/bairros/norte/centro/Rua_Manoel_P._de_Araujo__150_90.jpg https://contribua.org/bairros/oeste/catole/Rua_Aluisio_Cunha_Linha__50__270.jpg"""
16784+2015-04-16T12:23:06.724078+517+44974+703++2015-04-16T12:23:06.724112+++"""Qual local lhe parece mais seguro? NotKnown https://contribua.org/bairros/norte/centro/Avenida_Presidente_Getulio_Vargas__210__0.jpg https://contribua.org/bairros/norte/centro/Rua_Coronel_Salvino_Figueiredo__251_90.jpg"""
16785+2015-04-16T12:23:10.758530+517+44918+703++2015-04-16T12:23:10.758548+++"""Qual local lhe parece mais seguro? NotKnown https://contribua.org/bairros/oeste/liberdade/Rua_Sergipe__1337_90.jpg https://contribua.org/bairros/norte/centro/Avenida_Presidente_Getulio_Vargas__210__0.jpg"""
16772+2015-04-16T12:22:19.456880+517+44956+703++2015-04-16T12:22:19.456915+++"""Qual local lhe parece mais agrad%C3%A1vel? NotKnown https://contribua.org/bairros/oeste/liberdade/Rua_Odon_Bezerra__306_90.jpg https://contribua.org/bairros/oeste/catole/Rua_Cristina_Procopio_da_Silva__62__90.jpg"""
16796+2015-04-19T21:40:53.621554+517+44953+704++2015-04-19T21:40:53.621591+++"""Qual local lhe parece mais agrad%C3%A1vel? Left https://contribua.org/bairros/oeste/liberdade/Rua_Espirito_Santo__1288__180.jpg https://contribua.org/bairros/oeste/catole/Rua_Deputado_Ascendino_Moura__101__270.jpg"""
16797+2015-04-19T21:41:08.226221+517+44988+704++2015-04-19T21:41:08.226257+++"""Qual local lhe parece mais seguro? Left https://contribua.org/bairros/oeste/liberdade/Rua_Riachuelo__847__0.jpg https://contribua.org/bairros/norte/centro/Rua_Elias_Aforas__202_0.jpg"""
16804+2015-04-19T21:42:53.180157+517+44999+704++2015-04-19T21:42:53.180180+++"""Qual local lhe parece mais agrad%C3%A1vel? Right https://contribua.org/bairros/oeste/liberdade/Rua_Sergipe__1337_0.jpg https://contribua.org/bairros/oeste/catole/Rua_Cristina_Procopio_da_Silva__62__90.jpg"""
16807+2015-04-19T21:44:13.571991+517+45001+704++2015-04-19T21:44:13.572028+++"""Qual local lhe parece mais seguro? Left https://contribua.org/bairros/oeste/catole/Rua_Doutor_Antonio_Telha_-_Catole__Campina_Grande__90.jpg https://contribua.org/bairros/norte/centro/Rua_Elias_Aforas__67__0.jpg"""
16808+2015-04-19T21:44:23.875405+517+44921+704++2015-04-19T21:44:23.875437+++"""Qual local lhe parece mais agrad%C3%A1vel? Left https://contribua.org/bairros/oeste/liberdade/Rua_Severino_Pimentel__439__180.jpg https://contribua.org/bairros/oeste/catole/Rua_Deputado_Ascendino_Moura__101__270.jpg"""
16811+2015-04-19T21:45:08.707508+517+44926+704++2015-04-19T21:45:08.707548+++"""Qual local lhe parece mais seguro? Left https://contribua.org/bairros/norte/centro/Rua_Manoel_P._de_Araujo__150_270.jpg https://contribua.org/bairros/norte/centro/Rua_Augusto_Severo__71_0.jpg"""
16861+2015-04-19T22:04:35.518877+517+44901+595++2015-04-19T22:04:35.518985+++"""Qual local lhe parece mais seguro? Left https://contribua.org/bairros/oeste/liberdade/Rua_Riachuelo__930__180.jpg https://contribua.org/bairros/norte/centro/Rua_Capitao_Joao_de_Sa__45__180.jpg"""
16886+2015-04-19T22:06:46.783741+517+44851+595++2015-04-19T22:06:46.783773+++"""Qual local lhe parece mais agrad%C3%A1vel? Left https://contribua.org/bairros/oeste/catole/Rua_Doutor_Antonio_Telha_-_Catole__Campina_Grande__90.jpg https://contribua.org/bairros/norte/centro/Rua_Felix_Araujo__48__90.jpg"""
16825+2015-04-19T21:51:00.867509+517+45026+704++2015-04-19T21:51:00.867543+++"""Qual local lhe parece mais agrad%C3%A1vel? Left https://contribua.org/bairros/oeste/catole/Rua_Joao_Francisco_Mota__64__90.jpg https://contribua.org/bairros/oeste/catole/Rua_Cristina_Procopio_da_Silva__62__90.jpg"""
16833+2015-04-19T21:52:22.218676+517+44978+704++2015-04-19T21:52:22.218710+++"""Qual local lhe parece mais agrad%C3%A1vel? Left https://contribua.org/bairros/oeste/liberdade/Rua_Padre_Pedro_Serrao__336__90.jpg https://contribua.org/bairros/norte/centro/Rua_Manoel_P._de_Araujo__150_90.jpg"""
16836+2015-04-19T21:52:47.309687+517+45011+704++2015-04-19T21:52:47.309718+++"""Qual local lhe parece mais seguro? Right https://contribua.org/bairros/norte/centro/Rua_Manoel_P._de_Araujo__370_180.jpg https://contribua.org/bairros/norte/centro/Rua_Coronel_Salvino_Figueiredo__251_90.jpg"""
16840+2015-04-19T21:53:34.714571+517+44969+704++2015-04-19T21:53:34.714597+++"""Qual local lhe parece mais agrad%C3%A1vel? Right https://contribua.org/bairros/oeste/liberdade/Rua_Severino_Pimentel__439__0.jpg https://contribua.org/bairros/oeste/catole/Rua_Cristina_Procopio_da_Silva__62__90.jpg"""
16846+2015-04-19T21:54:13.618735+517+44856+704++2015-04-19T21:54:13.618768+++"""Qual local lhe parece mais seguro? Right https://contribua.org/bairros/oeste/catole/Rua_Cristina_Procopio_da_Silva__62__270.jpg https://contribua.org/bairros/norte/centro/Avenida_Presidente_Getulio_Vargas__210__180.jpg"""
16885+2015-04-19T22:06:43.005593+517+45039+595++2015-04-19T22:06:43.005625+++"""Qual local lhe parece mais seguro? Right https://contribua.org/bairros/oeste/catole/Rua_Aluisio_Cunha_Linha__50__90.jpg https://contribua.org/bairros/norte/centro/Avenida_Presidente_Getulio_Vargas__210__180.jpg"""
16869+2015-04-19T22:05:20.616398+517+44958+595++2015-04-19T22:05:20.616414+++"""Qual local lhe parece mais seguro? Left https://contribua.org/bairros/oeste/catole/Rua_Doutor_Antonio_Telha__68__90.jpg https://contribua.org/bairros/norte/centro/Rua_Capitao_Joao_de_Sa__45__180.jpg"""
16871+2015-04-19T22:05:29.029826+517+44923+595++2015-04-19T22:05:29.029869+++"""Qual local lhe parece mais agrad%C3%A1vel? Right https://contribua.org/bairros/oeste/liberdade/Rua_Padre_Pedro_Serrao__336__270.jpg https://contribua.org/bairros/oeste/catole/Rua_Doutor_Antonio_Telha_-_Catole__Campina_Grande__90.jpg"""
16880+2015-04-19T22:06:23.411686+517+45060+595++2015-04-19T22:06:23.411704+++"""Qual local lhe parece mais agrad%C3%A1vel? Right https://contribua.org/bairros/oeste/liberdade/Rua_Odon_Bezerra__147_270.jpg https://contribua.org/bairros/oeste/catole/Avenida_Prefeito_Severino_Bezerra_Cabral__218_90.jpg"""
16881+2015-04-19T22:06:27.239413+517+45020+595++2015-04-19T22:06:27.239433+++"""Qual local lhe parece mais seguro? Left https://contribua.org/bairros/oeste/catole/Rua_Doutor_Antonio_Telha__235_180.jpg https://contribua.org/bairros/norte/centro/Rua_Augusto_Severo__71_0.jpg"""
16892+2015-04-19T22:07:20.586873+517+44927+595++2015-04-19T22:07:20.586954+++"""Qual local lhe parece mais agrad%C3%A1vel? Left https://contribua.org/bairros/oeste/liberdade/Rua_Padre_Pedro_Serrao__207__270.jpg https://contribua.org/bairros/oeste/catole/Rua_Aluisio_Cunha_Linha__50__270.jpg"""
16921+2015-04-19T22:09:37.466581+517+45011+595++2015-04-19T22:09:37.466616+++"""Qual local lhe parece mais seguro? Right https://contribua.org/bairros/norte/centro/Rua_Manoel_P._de_Araujo__370_180.jpg https://contribua.org/bairros/norte/centro/Rua_Coronel_Salvino_Figueiredo__251_90.jpg"""
16924+2015-04-19T22:09:52.374829+517+44969+595++2015-04-19T22:09:52.374847+++"""Qual local lhe parece mais agrad%C3%A1vel? Left https://contribua.org/bairros/oeste/liberdade/Rua_Severino_Pimentel__439__0.jpg https://contribua.org/bairros/oeste/catole/Rua_Cristina_Procopio_da_Silva__62__90.jpg"""
16912+2015-04-19T22:08:56.340260+517+44850+595++2015-04-19T22:08:56.340276+++"""Qual local lhe parece mais agrad%C3%A1vel? Left https://contribua.org/bairros/oeste/catole/Rua_Olegario_Mariano__139_0.jpg https://contribua.org/bairros/norte/centro/Rua_Manoel_P._de_Araujo__150_90.jpg"""
16966+2015-04-23T20:32:04.863744+517+45024+706++2015-04-23T20:32:04.863781+++"""Qual local lhe parece mais agrad%C3%A1vel? Left https://contribua.org/bairros/oeste/catole/Rua_Joao_Francisco_Mota__64__90.jpg https://contribua.org/bairros/oeste/catole/Rua_Luisa_Bezerra_Mota__246_90.jpg"""
17006+2015-04-23T20:46:16.012022+517+45040+707++2015-04-23T20:46:16.012055+++"""Qual local lhe parece mais seguro? Left https://contribua.org/bairros/oeste/liberdade/Rua_Riachuelo__455__0.jpg https://contribua.org/bairros/norte/centro/Avenida_Presidente_Getulio_Vargas__210__0.jpg"""
17011+2015-04-23T20:48:00.524366+517+44966+707++2015-04-23T20:48:00.524398+++"""Qual local lhe parece mais seguro? Left https://contribua.org/bairros/oeste/catole/Rua_Deputado_Ascendino_Moura__101__270.jpg https://contribua.org/bairros/norte/centro/Avenida_Presidente_Getulio_Vargas__210__0.jpg"""
16907+2015-04-19T22:08:28.899174+517+45059+595++2015-04-19T22:08:28.899206+++"""Qual local lhe parece mais seguro? Right https://contribua.org/bairros/oeste/liberdade/Rua_Severino_Pimentel__439__180.jpg https://contribua.org/bairros/norte/centro/Rua_Coronel_Salvino_Figueiredo__251_90.jpg"""
16925+2015-04-19T22:09:57.368206+517+45023+595++2015-04-19T22:09:57.368219+++"""Qual local lhe parece mais agrad%C3%A1vel? Left https://contribua.org/bairros/oeste/catole/Rua_Vigario_Calixto__1201_0.jpg https://contribua.org/bairros/oeste/catole/Rua_Deputado_Ascendino_Moura__101__270.jpg"""
16972+2015-04-23T20:32:30.651012+517+45095+706++2015-04-23T20:32:30.651047+++"""Qual local lhe parece mais agrad%C3%A1vel? Right https://contribua.org/bairros/oeste/liberdade/Rua_Odon_Bezerra__388__270.jpg https://contribua.org/bairros/oeste/catole/Rua_Deputado_Ascendino_Moura__101__270.jpg"""
16975+2015-04-23T20:33:08.589318+517+45066+708++2015-04-23T20:33:08.589349+++"""Qual local lhe parece mais seguro? Right https://contribua.org/bairros/oeste/liberdade/Avenida_Assis_Chateaubriand__1334__0.jpg https://contribua.org/bairros/norte/centro/Avenida_Presidente_Getulio_Vargas__210__180.jpg"""
16993+2015-04-23T20:34:09.905044+517+45102+708++2015-04-23T20:34:09.905064+++"""Qual local lhe parece mais seguro? Left https://contribua.org/bairros/oeste/liberdade/Rua_Acre__635_90.jpg https://contribua.org/bairros/norte/centro/Avenida_Presidente_Getulio_Vargas__210__180.jpg"""
17015+2015-04-23T20:48:26.010976+517+45076+707++2015-04-23T20:48:26.011020+++"""Qual local lhe parece mais agrad%C3%A1vel? NotKnown https://contribua.org/bairros/oeste/liberdade/Rua_Riachuelo__930__180.jpg https://contribua.org/bairros/oeste/catole/Rua_Doutor_Antonio_Telha__235_180.jpg"""
16934+2015-04-22T13:34:16.888096+517+44973+705++2015-04-22T13:34:16.888115+++"""Qual local lhe parece mais agrad%C3%A1vel? Left https://contribua.org/bairros/oeste/liberdade/Rua_Acre__635_270.jpg https://contribua.org/bairros/oeste/catole/Rua_Honorio_de_Melo__240__90.jpg"""
16937+2015-04-22T13:34:45.489761+517+45071+705++2015-04-22T13:34:45.489798+++"""Qual local lhe parece mais seguro? Left https://contribua.org/bairros/oeste/liberdade/Rua_Riachuelo__847__180.jpg https://contribua.org/bairros/norte/centro/Rua_Elias_Aforas__67__0.jpg"""
16943+2015-04-22T13:35:41.539113+517+44667+705++2015-04-22T13:35:41.539137+++"""Qual local lhe parece mais seguro? Right https://contribua.org/bairros/oeste/liberdade/Rua_Edesio_Silva__602__0.jpg https://contribua.org/bairros/norte/centro/Rua_Joao_da_Mata__490_90.jpg"""
16945+2015-04-22T13:36:29.846486+517+45033+705++2015-04-22T13:36:29.846521+++"""Qual local lhe parece mais agrad%C3%A1vel? Right https://contribua.org/bairros/oeste/liberdade/Rua_Espirito_Santo__1288__0.jpg https://contribua.org/bairros/oeste/catole/Rua_Joao_Francisco_Mota__64__90.jpg"""
16950+2015-04-22T18:56:06.674042+517+45038+599++2015-04-22T18:56:06.674082+++"""Qual local lhe parece mais agrad%C3%A1vel? Left https://contribua.org/bairros/norte/centro/Rua_Quebra_Quilos__399__270.jpg https://contribua.org/bairros/oeste/catole/Rua_Aluisio_Cunha_Linha__50__270.jpg"""
16968+2015-04-23T20:32:16.184083+517+45031+706++2015-04-23T20:32:16.184117+++"""Qual local lhe parece mais seguro? Left https://contribua.org/bairros/oeste/liberdade/Rua_Padre_Pedro_Serrao__207__90.jpg https://contribua.org/bairros/norte/centro/Rua_Augusto_Severo__71_0.jpg"""
16963+2015-04-23T20:31:42.323332+517+45063+706++2015-04-23T20:31:42.323365+++"""Qual local lhe parece mais agrad%C3%A1vel? Left https://contribua.org/bairros/oeste/catole/Rua_Doutor_Antonio_Telha_-_Catole__Campina_Grande__90.jpg https://contribua.org/bairros/norte/centro/Rua_Manoel_P._de_Araujo__150_90.jpg"""
16976+2015-04-23T20:33:14.589334+517+45086+708++2015-04-23T20:33:14.589367+++"""Qual local lhe parece mais agrad%C3%A1vel? Right https://contribua.org/bairros/oeste/catole/Rua_Vigario_Calixto__1201_180.jpg https://contribua.org/bairros/oeste/catole/Rua_Honorio_de_Melo__240__90.jpg"""
16982+2015-04-23T20:33:43.115518+517+45049+706++2015-04-23T20:33:43.115552+++"""Qual local lhe parece mais seguro? Left https://contribua.org/bairros/oeste/catole/Rua_Deputado_Ascendino_Moura__101__90.jpg https://contribua.org/bairros/norte/centro/Rua_Augusto_Severo__71_0.jpg"""
17055+2015-04-24T00:01:57.141099+517+45113+711++2015-04-24T00:01:57.141115+++"""Qual local lhe parece mais seguro? Right https://contribua.org/bairros/norte/centro/Rua_Augusto_Severo__71_90.jpg https://contribua.org/bairros/norte/centro/Avenida_Presidente_Getulio_Vargas__210__180.jpg"""
16959+2015-04-22T20:46:49.417826+517+45038+705++2015-04-22T20:46:49.417861+++"""Qual local lhe parece mais agrad%C3%A1vel? Right https://contribua.org/bairros/norte/centro/Rua_Quebra_Quilos__399__270.jpg https://contribua.org/bairros/oeste/catole/Rua_Aluisio_Cunha_Linha__50__270.jpg"""
17012+2015-04-23T20:48:07.717873+517+45050+707++2015-04-23T20:48:07.717915+++"""Qual local lhe parece mais agrad%C3%A1vel? NotKnown https://contribua.org/bairros/oeste/liberdade/Rua_Severino_Pimentel__511_270.jpg https://contribua.org/bairros/oeste/catole/Rua_Doutor_Antonio_Telha__68__90.jpg"""
17031+2015-04-23T23:52:37.672239+517+45079+710++2015-04-23T23:52:37.672259+++"""Qual local lhe parece mais seguro? Right https://contribua.org/bairros/norte/centro/Rua_Joao_da_Mata__490_90.jpg https://contribua.org/bairros/norte/centro/Avenida_Presidente_Getulio_Vargas__210__180.jpg"""
17056+2015-04-24T00:02:17.289256+517+45126+711++2015-04-24T00:02:17.289274+++"""Qual local lhe parece mais agrad%C3%A1vel? Right https://contribua.org/bairros/oeste/liberdade/Rua_Santa_Catarina__1231__180.jpg https://contribua.org/bairros/oeste/catole/Rua_Doutor_Antonio_Telha_-_Catole__Campina_Grande__270.jpg"""
16967+2015-04-23T20:32:08.630071+517+45057+706++2015-04-23T20:32:08.630106+++"""Qual local lhe parece mais agrad%C3%A1vel? Right https://contribua.org/bairros/oeste/liberdade/Rua_Padre_Pedro_Serrao__353__270.jpg https://contribua.org/bairros/oeste/catole/Rua_Joao_Francisco_Mota__64__90.jpg"""
16986+2015-04-23T20:33:54.407877+517+44994+706++2015-04-23T20:33:54.407913+++"""Qual local lhe parece mais agrad%C3%A1vel? Left https://contribua.org/bairros/oeste/catole/Rua_Cristina_Procopio_da_Silva__62__90.jpg https://contribua.org/bairros/norte/centro/Rua_Felix_Araujo__48__90.jpg"""
17041+2015-04-23T23:54:50.361508+517+45065+710++2015-04-23T23:54:50.361532+++"""Qual local lhe parece mais seguro? NotKnown https://contribua.org/bairros/norte/centro/Rua_Felix_Araujo__132__90.jpg https://contribua.org/bairros/norte/centro/Rua_Augusto_Severo__71_90.jpg"""
17062+2015-04-24T00:04:57.353162+517+45118+711++2015-04-24T00:04:57.353181+++"""Qual local lhe parece mais agrad%C3%A1vel? Right https://contribua.org/bairros/oeste/liberdade/Rua_Santa_Catarina__1231__180.jpg https://contribua.org/bairros/oeste/catole/Rua_Luisa_Bezerra_Mota__246_270.jpg"""
16971+2015-04-23T20:32:27.122134+517+44807+706++2015-04-23T20:32:27.122168+++"""Qual local lhe parece mais seguro? Left https://contribua.org/bairros/oeste/catole/Rua_Vigario_Calixto__1201_0.jpg https://contribua.org/bairros/norte/centro/Rua_Capitao_Joao_de_Sa__45__180.jpg"""
16997+2015-04-23T20:43:45.271670+517+45064+708++2015-04-23T20:43:45.271710+++"""Qual local lhe parece mais seguro? Left https://contribua.org/bairros/oeste/catole/Avenida_Prefeito_Severino_Bezerra_Cabral__218_0.jpg https://contribua.org/bairros/norte/centro/Rua_Felix_Araujo__132__270.jpg"""
17022+2015-04-23T20:49:43.631508+517+45114+707++2015-04-23T20:49:43.631540+++"""Qual local lhe parece mais agrad%C3%A1vel? Left https://contribua.org/bairros/oeste/catole/Rua_Sebastiao_Vieira_da_Silva__1273__180.jpg https://contribua.org/bairros/norte/centro/Rua_Felix_Araujo__48__90.jpg"""
17010+2015-04-23T20:47:56.921926+517+45042+707++2015-04-23T20:47:56.921967+++"""Qual local lhe parece mais seguro? Right https://contribua.org/bairros/norte/centro/Rua_Felix_Araujo__132__90.jpg https://contribua.org/bairros/norte/centro/Rua_Elias_Aforas__67__0.jpg"""
17016+2015-04-23T20:48:31.631616+517+44972+707++2015-04-23T20:48:31.631652+++"""Qual local lhe parece mais agrad%C3%A1vel? Right https://contribua.org/bairros/oeste/catole/Rua_Deputado_Ascendino_Moura__101__90.jpg https://contribua.org/bairros/oeste/catole/Rua_Joao_Francisco_Mota__64__90.jpg"""
17068+2015-04-24T01:11:30.886793+517+45079+685++2015-04-24T01:11:30.886811+++"""Qual local lhe parece mais seguro? Left https://contribua.org/bairros/norte/centro/Rua_Joao_da_Mata__490_90.jpg https://contribua.org/bairros/norte/centro/Avenida_Presidente_Getulio_Vargas__210__180.jpg"""
17081+2015-04-25T15:46:40.277838+517+44981+713++2015-04-25T15:46:40.277872+++"""Qual local lhe parece mais seguro? Right https://contribua.org/bairros/norte/centro/Rua_Elias_Aforas__67__0.jpg https://contribua.org/bairros/norte/centro/Avenida_Presidente_Getulio_Vargas__210__0.jpg"""
17088+2015-04-28T17:31:02.766470+517+45099+714++2015-04-28T17:31:02.766508+++"""Qual local lhe parece mais seguro? Left https://contribua.org/bairros/norte/centro/Rua_Elias_Aforas__67__0.jpg https://contribua.org/bairros/norte/centro/Rua_Augusto_Severo__71_0.jpg"""
17112+2015-04-28T20:08:48.556616+517+45161+641++2015-04-28T20:08:48.556651+++"""Qual local lhe parece mais seguro? Right https://contribua.org/bairros/oeste/catole/Rua_Doutor_Antonio_Telha__68__90.jpg https://contribua.org/bairros/norte/centro/Avenida_Dom_Pedro_II__500_90.jpg"""
17113+2015-04-28T20:09:23.743335+517+45127+599++2015-04-28T20:09:23.743370+++"""Qual local lhe parece mais agrad%C3%A1vel? Right https://contribua.org/bairros/oeste/liberdade/Rua_Sergipe__1337_90.jpg https://contribua.org/bairros/oeste/liberdade/Rua_Odon_Bezerra__147_270.jpg"""
17117+2015-04-28T20:09:38.340571+517+45139+599++2015-04-28T20:09:38.340606+++"""Qual local lhe parece mais seguro? Right https://contribua.org/bairros/norte/centro/Rua_Doutor_Severino_Cruz__411__270.jpg https://contribua.org/bairros/norte/centro/Avenida_Presidente_Getulio_Vargas__271__90.jpg"""
17135+2015-04-28T20:14:48.342364+517+45090+599++2015-04-28T20:14:48.342397+++"""Qual local lhe parece mais seguro? Left https://contribua.org/bairros/oeste/liberdade/Rua_Sergipe__1337_0.jpg https://contribua.org/bairros/norte/centro/Avenida_Presidente_Getulio_Vargas__210__0.jpg"""
17128+2015-04-28T20:14:27.761050+517+45173+599++2015-04-28T20:14:27.761087+++"""Qual local lhe parece mais agrad%C3%A1vel? NotKnown https://contribua.org/bairros/oeste/liberdade/Rua_Riachuelo__930__180.jpg https://contribua.org/bairros/oeste/catole/Rua_Deputado_Ascendino_Moura__101__90.jpg"""
17134+2015-04-28T20:14:42.931280+517+45132+599++2015-04-28T20:14:42.931314+++"""Qual local lhe parece mais seguro? Right https://contribua.org/bairros/oeste/catole/Rua_Honorio_de_Melo__240__270.jpg https://contribua.org/bairros/norte/centro/Avenida_Presidente_Getulio_Vargas__271__90.jpg"""
17130+2015-04-28T20:14:33.726666+517+45159+599++2015-04-28T20:14:33.726699+++"""Qual local lhe parece mais agrad%C3%A1vel? Right https://contribua.org/bairros/oeste/catole/Rua_Olegario_Mariano__139_0.jpg https://contribua.org/bairros/oeste/catole/Rua_Doutor_Antonio_Telha__235_0.jpg"""
17145+2015-04-28T21:40:07.648474+517+45177+599++2015-04-28T21:40:07.648508+++"""Qual local lhe parece mais seguro? Right https://contribua.org/bairros/oeste/liberdade/Rua_Severino_Pimentel__439__0.jpg https://contribua.org/bairros/norte/centro/Avenida_Dom_Pedro_II__500_90.jpg"""
17163+2015-04-29T00:29:15.959690+517+45072+521++2015-04-29T00:29:15.959724+++"""Qual local lhe parece mais agrad%C3%A1vel? Right https://contribua.org/bairros/oeste/liberdade/Rua_Odon_Bezerra__306_270.jpg https://contribua.org/bairros/oeste/catole/Rua_Luisa_Bezerra_Mota__246_90.jpg"""
17164+2015-04-29T00:29:40.806232+517+45045+521++2015-04-29T00:29:40.806307+++"""Qual local lhe parece mais agrad%C3%A1vel? Left https://contribua.org/bairros/oeste/catole/Avenida_Prefeito_Severino_Bezerra_Cabral__218_90.jpg https://contribua.org/bairros/norte/centro/Rua_Felix_Araujo__48__90.jpg"""
17169+2015-04-29T00:43:35.769382+517+45169+521++2015-04-29T00:43:35.769430+++"""Qual local lhe parece mais seguro? Right https://contribua.org/bairros/oeste/catole/Rua_Luisa_Bezerra_Mota__246_90.jpg https://contribua.org/bairros/norte/centro/Avenida_Barao_Rio_Branco__141_270.jpg"""
17249+2015-04-29T16:42:43.469042+517+45103+599++2015-04-29T16:42:43.469077+++"""Qual local lhe parece mais seguro? Left https://contribua.org/bairros/oeste/catole/Rua_Olegario_Mariano__139_90.jpg https://contribua.org/bairros/norte/centro/Rua_Capitao_Joao_de_Sa__45__180.jpg"""
17264+2015-04-29T16:44:51.433053+517+45207+599++2015-04-29T16:44:51.433087+++"""Qual local lhe parece mais seguro? Right https://contribua.org/bairros/oeste/catole/Rua_Olegario_Mariano__139_0.jpg https://contribua.org/bairros/norte/centro/Avenida_Presidente_Getulio_Vargas__271__90.jpg"""
17267+2015-04-29T16:44:56.400507+517+45013+599++2015-04-29T16:44:56.400540+++"""Qual local lhe parece mais seguro? Right https://contribua.org/bairros/oeste/catole/Rua_Doutor_Antonio_Telha__68__270.jpg https://contribua.org/bairros/norte/centro/Rua_Augusto_Severo__71_90.jpg"""
17269+2015-04-29T16:45:02.654267+517+45096+599++2015-04-29T16:45:02.654324+++"""Qual local lhe parece mais agrad%C3%A1vel? Left https://contribua.org/bairros/oeste/liberdade/Rua_Acre__635_90.jpg https://contribua.org/bairros/oeste/catole/Rua_Doutor_Antonio_Telha__235_180.jpg"""
17293+2015-04-29T16:46:55.245424+517+45307+599++2015-04-29T16:46:55.245457+++"""Qual local lhe parece mais seguro? Right https://contribua.org/bairros/oeste/liberdade/Rua_Riachuelo__455__0.jpg https://contribua.org/bairros/norte/centro/Avenida_Presidente_Getulio_Vargas__271__90.jpg"""
17175+2015-04-29T12:02:07.534463+517+45119+631++2015-04-29T12:02:07.534500+++"""Qual local lhe parece mais seguro? NotKnown https://contribua.org/bairros/oeste/catole/Rua_Cristina_Procopio_da_Silva__62__90.jpg https://contribua.org/bairros/norte/centro/Rua_Elias_Aforas__67__180.jpg"""
17205+2015-04-29T16:39:58.617955+517+45179+599++2015-04-29T16:39:58.617989+++"""Qual local lhe parece mais seguro? Right https://contribua.org/bairros/oeste/liberdade/Rua_Acre__635_90.jpg https://contribua.org/bairros/norte/centro/Avenida_Presidente_Joao_Pessoa__128__90.jpg"""
17220+2015-04-29T16:40:59.684116+517+45189+599++2015-04-29T16:40:59.684150+++"""Qual local lhe parece mais agrad%C3%A1vel? Right https://contribua.org/bairros/oeste/liberdade/Rua_Odon_Bezerra__147_90.jpg https://contribua.org/bairros/oeste/catole/Rua_Inacio_Marques_da_Silva__434_270.jpg"""
17180+2015-04-29T12:02:53.801743+517+45186+631++2015-04-29T12:02:53.801759+++"""Qual local lhe parece mais agrad%C3%A1vel? NotKnown https://contribua.org/bairros/oeste/liberdade/Rua_Severino_Pimentel__321__180.jpg https://contribua.org/bairros/oeste/catole/Rua_Olegario_Mariano__139_270.jpg"""
17196+2015-04-29T12:56:52.688570+517+45125+516++2015-04-29T12:56:52.688606+++"""Qual local lhe parece mais agrad%C3%A1vel? Right https://contribua.org/bairros/oeste/liberdade/Rua_Padre_Pedro_Serrao__207__90.jpg https://contribua.org/bairros/oeste/catole/Rua_Olegario_Mariano__139_90.jpg"""
17200+2015-04-29T16:39:45.089866+517+45203+599++2015-04-29T16:39:45.089899+++"""Qual local lhe parece mais agrad%C3%A1vel? Right https://contribua.org/bairros/oeste/liberdade/Rua_Sergipe__1337_90.jpg https://contribua.org/bairros/oeste/catole/Rua_Otacilio_Nepomuceno__76_90.jpg"""
17201+2015-04-29T16:39:49.121887+517+45183+599++2015-04-29T16:39:49.121922+++"""Qual local lhe parece mais agrad%C3%A1vel? Right https://contribua.org/bairros/oeste/catole/Rua_Olegario_Mariano__139_90.jpg https://contribua.org/bairros/norte/centro/Rua_Quebra_Quilos__399__270.jpg"""
17208+2015-04-29T16:40:13.254707+517+45213+599++2015-04-29T16:40:13.254745+++"""Qual local lhe parece mais seguro? Left https://contribua.org/bairros/oeste/catole/Rua_Otacilio_Nepomuceno__76_90.jpg https://contribua.org/bairros/norte/centro/Rua_Capitao_Joao_de_Sa__45__0.jpg"""
17209+2015-04-29T16:40:17.903942+517+45162+599++2015-04-29T16:40:17.903977+++"""Qual local lhe parece mais seguro? Right https://contribua.org/bairros/oeste/liberdade/Rua_Santa_Catarina__1231__180.jpg https://contribua.org/bairros/norte/centro/Avenida_Presidente_Getulio_Vargas__271__90.jpg"""
17213+2015-04-29T16:40:27.840735+517+45196+599++2015-04-29T16:40:27.840770+++"""Qual local lhe parece mais agrad%C3%A1vel? Right https://contribua.org/bairros/oeste/liberdade/Rua_Severino_Pimentel__511_270.jpg https://contribua.org/bairros/oeste/catole/Rua_Otacilio_Nepomuceno__76_90.jpg"""
17230+2015-04-29T16:41:40.405627+517+45155+599++2015-04-29T16:41:40.405662+++"""Qual local lhe parece mais agrad%C3%A1vel? Right https://contribua.org/bairros/oeste/liberdade/Rua_Odon_Bezerra__306_270.jpg https://contribua.org/bairros/oeste/catole/Rua_Joao_Francisco_Mota__64__270.jpg"""
17245+2015-04-29T16:42:31.719496+517+45067+599++2015-04-29T16:42:31.719530+++"""Qual local lhe parece mais seguro? NotKnown https://contribua.org/bairros/oeste/liberdade/Rua_Odon_Bezerra__306_90.jpg https://contribua.org/bairros/norte/centro/Rua_Coronel_Salvino_Figueiredo__251_90.jpg"""
17295+2015-04-29T16:46:58.916116+517+45269+599++2015-04-29T16:46:58.916158+++"""Qual local lhe parece mais agrad%C3%A1vel? Right https://contribua.org/bairros/oeste/liberdade/Rua_Padre_Pedro_Serrao__336__90.jpg https://contribua.org/bairros/oeste/catole/Rua_Inacio_Marques_da_Silva__434_270.jpg"""
17301+2015-04-30T10:25:02.938525+517+45149+717++2015-04-30T10:25:02.938560+++"""Qual local lhe parece mais agrad%C3%A1vel? Left https://contribua.org/bairros/oeste/liberdade/Rua_Espirito_Santo__1288__180.jpg https://contribua.org/bairros/oeste/catole/Rua_Doutor_Antonio_Telha_-_Catole__Campina_Grande__270.jpg"""
17285+2015-04-29T16:46:37.614470+517+45252+599++2015-04-29T16:46:37.614505+++"""Qual local lhe parece mais agrad%C3%A1vel? Right https://contribua.org/bairros/oeste/liberdade/Rua_Santa_Catarina__1231__0.jpg https://contribua.org/bairros/norte/centro/Rua_Quebra_Quilos__399__270.jpg"""
17312+2015-04-30T10:56:46.127593+517+45141+717++2015-04-30T10:56:46.127626+++"""Qual local lhe parece mais agrad%C3%A1vel? Right https://contribua.org/bairros/oeste/liberdade/Rua_Odon_Bezerra__306_90.jpg https://contribua.org/bairros/oeste/catole/Rua_Otacilio_Nepomuceno__76_90.jpg"""
17349+2015-04-30T19:52:44.990471+517+45165+719++2015-04-30T19:52:44.990506+++"""Qual local lhe parece mais seguro? Right https://contribua.org/bairros/oeste/catole/Rua_Doutor_Antonio_Telha_-_Catole__Campina_Grande__270.jpg https://contribua.org/bairros/norte/centro/Avenida_Barao_Rio_Branco__141_270.jpg"""
17227+2015-04-29T16:41:31.270319+517+45241+599++2015-04-29T16:41:31.270357+++"""Qual local lhe parece mais agrad%C3%A1vel? Right https://contribua.org/bairros/oeste/liberdade/Avenida_Assis_Chateaubriand__1334__180.jpg https://contribua.org/bairros/oeste/catole/Rua_Olegario_Mariano__139_270.jpg"""
17366+2015-04-30T20:25:08.413472+517+45242+720++2015-04-30T20:25:08.413505+++"""Qual local lhe parece mais seguro? Right https://contribua.org/bairros/norte/centro/Rua_Capitao_Joao_de_Sa__45__180.jpg https://contribua.org/bairros/norte/centro/Avenida_Presidente_Joao_Pessoa__128__180.jpg"""
17408+2015-05-01T04:00:42.024286+517+45271+722++2015-05-01T04:00:42.024321+++"""Qual local lhe parece mais seguro? Left https://contribua.org/bairros/norte/centro/Avenida_Dom_Pedro_II__500_90.jpg https://contribua.org/bairros/norte/centro/Rua_Capitao_Joao_de_Sa__45__0.jpg"""
17265+2015-04-29T16:44:52.783750+517+45121+599++2015-04-29T16:44:52.783787+++"""Qual local lhe parece mais agrad%C3%A1vel? Left https://contribua.org/bairros/oeste/catole/Rua_Otacilio_Nepomuceno__76_0.jpg https://contribua.org/bairros/oeste/catole/Rua_Doutor_Antonio_Telha__68__270.jpg"""
17287+2015-04-29T16:46:41.856929+517+45181+599++2015-04-29T16:46:41.856964+++"""Qual local lhe parece mais seguro? Right https://contribua.org/bairros/oeste/liberdade/Rua_Severino_Pimentel__321__0.jpg https://contribua.org/bairros/norte/centro/Avenida_Dom_Pedro_II__500_90.jpg"""
17311+2015-04-30T10:28:22.834279+517+45252+717++2015-04-30T10:28:22.834342+++"""Qual local lhe parece mais agrad%C3%A1vel? Left https://contribua.org/bairros/oeste/liberdade/Rua_Santa_Catarina__1231__0.jpg https://contribua.org/bairros/norte/centro/Rua_Quebra_Quilos__399__270.jpg"""
17361+2015-04-30T20:24:48.764001+517+45280+720++2015-04-30T20:24:48.764037+++"""Qual local lhe parece mais seguro? Right https://contribua.org/bairros/oeste/liberdade/Rua_Sergipe__1337_90.jpg https://contribua.org/bairros/norte/centro/Avenida_Presidente_Getulio_Vargas__271__90.jpg"""
17315+2015-04-30T10:56:54.985082+517+45202+717++2015-04-30T10:56:54.985115+++"""Qual local lhe parece mais seguro? Right https://contribua.org/bairros/norte/centro/Rua_Coronel_Salvino_Figueiredo__251_90.jpg https://contribua.org/bairros/norte/centro/Avenida_Dom_Pedro_II__500_270.jpg"""
17337+2015-04-30T18:59:46.230888+517+45250+718++2015-04-30T18:59:46.230979+++"""Qual local lhe parece mais seguro? Right https://contribua.org/bairros/oeste/liberdade/Rua_Odon_Bezerra__306_90.jpg https://contribua.org/bairros/norte/centro/Avenida_Dom_Pedro_II__119_90.jpg"""
17342+2015-04-30T19:52:20.942640+517+45227+719++2015-04-30T19:52:20.942673+++"""Qual local lhe parece mais seguro? Left https://contribua.org/bairros/oeste/liberdade/Rua_Riachuelo__930__0.jpg https://contribua.org/bairros/norte/centro/Avenida_Dom_Pedro_II__500_90.jpg"""
17357+2015-04-30T20:19:11.771498+517+44956+720++2015-04-30T20:19:11.771532+++"""Qual local lhe parece mais agrad%C3%A1vel? Left https://contribua.org/bairros/oeste/liberdade/Rua_Odon_Bezerra__306_90.jpg https://contribua.org/bairros/oeste/catole/Rua_Cristina_Procopio_da_Silva__62__90.jpg"""
17388+2015-04-30T23:05:29.841957+517+45205+721++2015-04-30T23:05:29.841991+++"""Qual local lhe parece mais seguro? NotKnown https://contribua.org/bairros/oeste/liberdade/Rua_Riachuelo__847__180.jpg https://contribua.org/bairros/norte/centro/Rua_Elias_Aforas__67__180.jpg"""
17343+2015-04-30T19:52:23.114560+517+45157+719++2015-04-30T19:52:23.114577+++"""Qual local lhe parece mais seguro? Right https://contribua.org/bairros/oeste/liberdade/Rua_Riachuelo__455__0.jpg https://contribua.org/bairros/norte/centro/Avenida_Dom_Pedro_II__119_90.jpg"""
17369+2015-04-30T20:25:18.830272+517+45220+720++2015-04-30T20:25:18.830327+++"""Qual local lhe parece mais agrad%C3%A1vel? Left https://contribua.org/bairros/oeste/catole/Rua_Inacio_Marques_da_Silva__434_90.jpg https://contribua.org/bairros/oeste/catole/Rua_Deputado_Ascendino_Moura__101__90.jpg"""
17387+2015-04-30T23:05:17.105062+517+45211+721++2015-04-30T23:05:17.105097+++"""Qual local lhe parece mais seguro? Left https://contribua.org/bairros/oeste/catole/Avenida_Prefeito_Severino_Bezerra_Cabral__218_0.jpg https://contribua.org/bairros/norte/centro/Rua_Elias_Aforas__67__180.jpg"""
17374+2015-04-30T23:00:37.431650+517+45247+721++2015-04-30T23:00:37.431689+++"""Qual local lhe parece mais agrad%C3%A1vel? Left https://contribua.org/bairros/oeste/liberdade/Rua_Odon_Bezerra__306_270.jpg https://contribua.org/bairros/oeste/catole/Rua_Olegario_Mariano__139_270.jpg"""
17378+2015-04-30T23:01:02.920415+517+45240+721++2015-04-30T23:01:02.920458+++"""Qual local lhe parece mais seguro? Right https://contribua.org/bairros/oeste/liberdade/Rua_Sergipe__1337_0.jpg https://contribua.org/bairros/norte/centro/Avenida_Presidente_Getulio_Vargas__271__90.jpg"""
17391+2015-04-30T23:05:52.313177+517+45283+721++2015-04-30T23:05:52.313210+++"""Qual local lhe parece mais agrad%C3%A1vel? Left https://contribua.org/bairros/oeste/catole/Rua_Sebastiao_Vieira_da_Silva__1273__180.jpg https://contribua.org/bairros/oeste/catole/Rua_Doutor_Antonio_Telha__235_0.jpg"""
17399+2015-05-01T03:57:19.420394+517+45191+722++2015-05-01T03:57:19.420428+++"""Qual local lhe parece mais seguro? Right https://contribua.org/bairros/norte/centro/Avenida_Barao_Rio_Branco__141_270.jpg https://contribua.org/bairros/norte/centro/Avenida_Dom_Pedro_II__500_270.jpg"""
17423+2015-05-01T06:33:24.619258+517+45254+723++2015-05-01T06:33:24.619293+++"""Qual local lhe parece mais agrad%C3%A1vel? Left https://contribua.org/bairros/oeste/liberdade/Rua_Padre_Pedro_Serrao__336__270.jpg https://contribua.org/bairros/oeste/liberdade/Rua_Acre__635_270.jpg"""
17410+2015-05-01T04:00:47.133018+517+45281+722++2015-05-01T04:00:47.133052+++"""Qual local lhe parece mais agrad%C3%A1vel? Right https://contribua.org/bairros/oeste/liberdade/Rua_Edesio_Silva__602__180.jpg https://contribua.org/bairros/norte/centro/Rua_Quebra_Quilos__399__270.jpg"""
17412+2015-05-01T04:00:52.100988+517+45249+722++2015-05-01T04:00:52.101025+++"""Qual local lhe parece mais seguro? Right https://contribua.org/bairros/oeste/catole/Rua_Sebastiao_Vieira_da_Silva__1273__0.jpg https://contribua.org/bairros/norte/centro/Rua_Elias_Aforas__67__180.jpg"""
17418+2015-05-01T06:32:41.260813+517+45142+723++2015-05-01T06:32:41.260847+++"""Qual local lhe parece mais seguro? Right https://contribua.org/bairros/oeste/liberdade/Rua_Severino_Pimentel__511_90.jpg https://contribua.org/bairros/norte/centro/Avenida_Presidente_Joao_Pessoa__128__90.jpg"""
17429+2015-05-05T17:06:07.514698+517+45194+724++2015-05-05T17:06:07.514731+++"""Qual local lhe parece mais seguro? Right https://contribua.org/bairros/norte/centro/Rua_Pedro_Alvares_Cabral__129_90.jpg https://contribua.org/bairros/norte/centro/Avenida_Presidente_Joao_Pessoa__128__180.jpg"""
17431+2015-05-05T17:06:29.364205+517+45239+724++2015-05-05T17:06:29.364239+++"""Qual local lhe parece mais agrad%C3%A1vel? Left https://contribua.org/bairros/oeste/liberdade/Rua_Severino_Pimentel__321__180.jpg https://contribua.org/bairros/oeste/catole/Rua_Olegario_Mariano__139_90.jpg"""
17438+2015-05-05T17:08:27.482564+517+45224+724++2015-05-05T17:08:27.482597+++"""Qual local lhe parece mais seguro? Right https://contribua.org/bairros/oeste/catole/Rua_Doutor_Antonio_Telha__68__90.jpg https://contribua.org/bairros/norte/centro/Avenida_Presidente_Joao_Pessoa__128__90.jpg"""
17443+2015-05-05T17:09:14.521916+517+45291+724++2015-05-05T17:09:14.521949+++"""Qual local lhe parece mais agrad%C3%A1vel? Left https://contribua.org/bairros/oeste/catole/Rua_Otacilio_Nepomuceno__76_90.jpg https://contribua.org/bairros/oeste/catole/Rua_Doutor_Antonio_Telha__68__270.jpg"""
17448+2015-05-05T18:39:14.411211+517+45113+725++2015-05-05T18:39:14.411245+++"""Qual local lhe parece mais seguro? Right https://contribua.org/bairros/norte/centro/Rua_Augusto_Severo__71_90.jpg https://contribua.org/bairros/norte/centro/Avenida_Presidente_Getulio_Vargas__210__180.jpg"""
17492+2015-05-06T01:06:18.642785+517+45192+728++2015-05-06T01:06:18.642822+++"""Qual local lhe parece mais seguro? Right https://contribua.org/bairros/oeste/catole/Rua_Aluisio_Cunha_Linha__50__90.jpg https://contribua.org/bairros/norte/centro/Rua_Elias_Aforas__67__180.jpg"""
17544+2015-05-06T16:12:13.118529+517+45306+731++2015-05-06T16:12:13.118563+++"""Qual local lhe parece mais seguro? NotKnown https://contribua.org/bairros/norte/centro/Rua_Capitao_Joao_de_Sa__45__0.jpg https://contribua.org/bairros/norte/centro/Avenida_Dom_Pedro_II__119_90.jpg"""
17457+2015-05-05T18:39:54.184248+517+45329+725++2015-05-05T18:39:54.184284+++"""Qual local lhe parece mais agrad%C3%A1vel? Right https://contribua.org/bairros/oeste/liberdade/Rua_Riachuelo__930__0.jpg https://contribua.org/bairros/oeste/catole/Rua_Doutor_Antonio_Telha_-_Catole__Campina_Grande__270.jpg"""
17468+2015-05-05T19:07:46.151482+517+45171+726++2015-05-05T19:07:46.151516+++"""Qual local lhe parece mais agrad%C3%A1vel? NotKnown https://contribua.org/bairros/oeste/liberdade/Rua_Severino_Pimentel__511_90.jpg https://contribua.org/bairros/oeste/catole/Rua_Olegario_Mariano__139_0.jpg"""
17470+2015-05-06T00:29:14.603511+517+45330+727++2015-05-06T00:29:14.603545+++"""Qual local lhe parece mais agrad%C3%A1vel? Right https://contribua.org/bairros/oeste/liberdade/Rua_Odon_Bezerra__147_90.jpg https://contribua.org/bairros/oeste/catole/Rua_Doutor_Antonio_Telha_-_Catole__Campina_Grande__270.jpg"""
17471+2015-05-06T00:29:30.084310+517+45220+727++2015-05-06T00:29:30.084344+++"""Qual local lhe parece mais agrad%C3%A1vel? Right https://contribua.org/bairros/oeste/catole/Rua_Inacio_Marques_da_Silva__434_90.jpg https://contribua.org/bairros/oeste/catole/Rua_Deputado_Ascendino_Moura__101__90.jpg"""
17483+2015-05-06T01:05:35.975392+517+45334+728++2015-05-06T01:05:35.975408+++"""Qual local lhe parece mais seguro? Right https://contribua.org/bairros/oeste/catole/Rua_Deputado_Ascendino_Moura__101__90.jpg https://contribua.org/bairros/norte/centro/Avenida_Dom_Pedro_II__500_90.jpg"""
17487+2015-05-06T01:05:51.809341+517+45185+728++2015-05-06T01:05:51.809359+++"""Qual local lhe parece mais agrad%C3%A1vel? Right https://contribua.org/bairros/oeste/liberdade/Rua_Acre__635_270.jpg https://contribua.org/bairros/oeste/catole/Rua_Inacio_Marques_da_Silva__434_270.jpg"""
17489+2015-05-06T01:05:59.198726+517+45328+728++2015-05-06T01:05:59.198744+++"""Qual local lhe parece mais agrad%C3%A1vel? Left https://contribua.org/bairros/oeste/liberdade/Rua_Padre_Pedro_Serrao__336__90.jpg https://contribua.org/bairros/oeste/catole/Rua_Olegario_Mariano__139_270.jpg"""
17490+2015-05-06T01:06:07.899231+517+45317+728++2015-05-06T01:06:07.899266+++"""Qual local lhe parece mais agrad%C3%A1vel? Right https://contribua.org/bairros/oeste/catole/Rua_Vigario_Calixto__1201_180.jpg https://contribua.org/bairros/oeste/catole/Rua_Doutor_Antonio_Telha__235_0.jpg"""
17506+2015-05-06T01:10:04.193769+517+45318+728++2015-05-06T01:10:04.193787+++"""Qual local lhe parece mais agrad%C3%A1vel? Left https://contribua.org/bairros/oeste/liberdade/Rua_Acre__635_90.jpg https://contribua.org/bairros/oeste/catole/Rua_Aluisio_Cunha_Linha__50__90.jpg"""
17509+2015-05-06T01:10:19.180380+517+45293+728++2015-05-06T01:10:19.180397+++"""Qual local lhe parece mais seguro? Right https://contribua.org/bairros/oeste/liberdade/Avenida_Assis_Chateaubriand__1334__0.jpg https://contribua.org/bairros/norte/centro/Avenida_Barao_Rio_Branco__141_270.jpg"""
17516+2015-05-06T01:16:54.158708+517+45347+729++2015-05-06T01:16:54.158743+++"""Qual local lhe parece mais seguro? Right https://contribua.org/bairros/oeste/liberdade/Rua_Odon_Bezerra__306_270.jpg https://contribua.org/bairros/norte/centro/Avenida_Presidente_Getulio_Vargas__271__90.jpg"""
17538+2015-05-06T01:24:44.518734+517+45248+729++2015-05-06T01:24:44.518768+++"""Qual local lhe parece mais agrad%C3%A1vel? Left https://contribua.org/bairros/oeste/liberdade/Rua_Odon_Bezerra__388__270.jpg https://contribua.org/bairros/oeste/liberdade/Rua_Acre__635_270.jpg"""
17542+2015-05-06T01:25:17.923419+517+45316+729++2015-05-06T01:25:17.923453+++"""Qual local lhe parece mais seguro? Left https://contribua.org/bairros/oeste/catole/Rua_Otacilio_Nepomuceno__76_90.jpg https://contribua.org/bairros/norte/centro/Avenida_Dom_Pedro_II__500_90.jpg"""
17574+2015-05-06T16:24:23.656979+517+45320+731++2015-05-06T16:24:23.657012+++"""Qual local lhe parece mais agrad%C3%A1vel? Left https://contribua.org/bairros/oeste/liberdade/Rua_Severino_Pimentel__439__180.jpg https://contribua.org/bairros/oeste/catole/Rua_Doutor_Antonio_Telha__68__270.jpg"""
17597+2015-05-06T21:51:32.350257+517+45263+661++2015-05-06T21:51:32.350341+++"""Qual local lhe parece mais seguro? Right https://contribua.org/bairros/oeste/liberdade/Rua_Espirito_Santo__1288__0.jpg https://contribua.org/bairros/norte/centro/Avenida_Dom_Pedro_II__119_90.jpg"""
17507+2015-05-06T01:10:10.224997+517+45312+728++2015-05-06T01:10:10.225014+++"""Qual local lhe parece mais agrad%C3%A1vel? Left https://contribua.org/bairros/oeste/liberdade/Rua_Padre_Pedro_Serrao__353__270.jpg https://contribua.org/bairros/oeste/catole/Rua_Aluisio_Cunha_Linha__50__90.jpg"""
17517+2015-05-06T01:17:00.722345+517+45167+729++2015-05-06T01:17:00.722380+++"""Qual local lhe parece mais agrad%C3%A1vel? Right https://contribua.org/bairros/oeste/liberdade/Rua_Padre_Pedro_Serrao__336__270.jpg https://contribua.org/bairros/oeste/catole/Rua_Doutor_Antonio_Telha__235_0.jpg"""
17526+2015-05-06T01:18:03.040535+517+45379+729++2015-05-06T01:18:03.040569+++"""Qual local lhe parece mais seguro? Right https://contribua.org/bairros/oeste/liberdade/Rua_Padre_Pedro_Serrao__336__90.jpg https://contribua.org/bairros/norte/centro/Avenida_Presidente_Joao_Pessoa__128__180.jpg"""
17529+2015-05-06T01:18:16.357657+517+45320+729++2015-05-06T01:18:16.357692+++"""Qual local lhe parece mais agrad%C3%A1vel? Left https://contribua.org/bairros/oeste/liberdade/Rua_Severino_Pimentel__439__180.jpg https://contribua.org/bairros/oeste/catole/Rua_Doutor_Antonio_Telha__68__270.jpg"""
17582+2015-05-06T16:24:56.178651+517+45138+731++2015-05-06T16:24:56.178685+++"""Qual local lhe parece mais agrad%C3%A1vel? NotKnown https://contribua.org/bairros/oeste/catole/Rua_Inacio_Marques_da_Silva__434_90.jpg https://contribua.org/bairros/oeste/catole/Rua_Vigario_Calixto__1201_180.jpg"""
17560+2015-05-06T16:18:30.330016+517+45368+731++2015-05-06T16:18:30.330049+++"""Qual local lhe parece mais seguro? Right https://contribua.org/bairros/oeste/catole/Rua_Doutor_Antonio_Telha__235_180.jpg https://contribua.org/bairros/norte/centro/Avenida_Presidente_Joao_Pessoa__128__180.jpg"""
17566+2015-05-06T16:21:44.529088+517+45345+731++2015-05-06T16:21:44.529122+++"""Qual local lhe parece mais seguro? Right https://contribua.org/bairros/norte/centro/Rua_Coronel_Salvino_Figueiredo__251_90.jpg https://contribua.org/bairros/norte/centro/Avenida_Barao_Rio_Branco__141_270.jpg"""
17617+2015-05-06T22:40:49.287794+517+45358+732++2015-05-06T22:40:49.287828+++"""Qual local lhe parece mais agrad%C3%A1vel? Right https://contribua.org/bairros/oeste/liberdade/Avenida_Assis_Chateaubriand__1334__180.jpg https://contribua.org/bairros/oeste/catole/Rua_Doutor_Antonio_Telha__235_0.jpg"""
17619+2015-05-06T22:41:06.970236+517+45331+732++2015-05-06T22:41:06.970270+++"""Qual local lhe parece mais seguro? Right https://contribua.org/bairros/norte/centro/Rua_Elias_Aforas__67__180.jpg https://contribua.org/bairros/norte/centro/Avenida_Presidente_Getulio_Vargas__271__90.jpg"""
17630+2015-05-06T22:43:08.006216+517+45352+732++2015-05-06T22:43:08.006249+++"""Qual local lhe parece mais agrad%C3%A1vel? Left https://contribua.org/bairros/oeste/liberdade/Rua_Riachuelo__847__180.jpg https://contribua.org/bairros/oeste/catole/Rua_Doutor_Antonio_Telha__235_0.jpg"""
17609+2015-05-06T22:34:39.269118+517+45374+732++2015-05-06T22:34:39.269153+++"""Qual local lhe parece mais agrad%C3%A1vel? Right https://contribua.org/bairros/oeste/catole/Rua_Honorio_de_Melo__240__270.jpg https://contribua.org/bairros/oeste/liberdade/Rua_Edesio_Silva__602__0.jpg"""
17583+2015-05-06T16:24:58.849258+517+45365+731++2015-05-06T16:24:58.849291+++"""Qual local lhe parece mais agrad%C3%A1vel? Left https://contribua.org/bairros/oeste/catole/Rua_Olegario_Mariano__139_270.jpg https://contribua.org/bairros/oeste/liberdade/Rua_Odon_Bezerra__147_270.jpg"""
17628+2015-05-06T22:43:00.730957+517+45264+732++2015-05-06T22:43:00.731000+++"""Qual local lhe parece mais seguro? Right https://contribua.org/bairros/oeste/catole/Rua_Doutor_Antonio_Telha_-_Catole__Campina_Grande__270.jpg https://contribua.org/bairros/norte/centro/Avenida_Dom_Pedro_II__119_90.jpg"""
17639+2015-05-07T20:53:30.822841+517+45395+735++2015-05-07T20:53:30.822880+++"""Qual local lhe parece mais agrad%C3%A1vel? Right https://contribua.org/bairros/oeste/liberdade/Rua_Edesio_Silva__602__180.jpg https://contribua.org/bairros/oeste/catole/Rua_Olegario_Mariano__139_90.jpg"""
17642+2015-05-07T20:54:05.401644+517+45254+735++2015-05-07T20:54:05.401676+++"""Qual local lhe parece mais agrad%C3%A1vel? Left https://contribua.org/bairros/oeste/liberdade/Rua_Padre_Pedro_Serrao__336__270.jpg https://contribua.org/bairros/oeste/liberdade/Rua_Acre__635_270.jpg"""
17645+2015-05-07T20:54:19.079400+517+45351+735++2015-05-07T20:54:19.079433+++"""Qual local lhe parece mais seguro? Right https://contribua.org/bairros/oeste/liberdade/Rua_Espirito_Santo__1288__180.jpg https://contribua.org/bairros/norte/centro/Avenida_Presidente_Joao_Pessoa__128__90.jpg"""
17651+2015-05-07T20:55:29.914781+517+45424+735++2015-05-07T20:55:29.914816+++"""Qual local lhe parece mais seguro? Left https://contribua.org/bairros/oeste/catole/Rua_Joao_Francisco_Mota__64__270.jpg https://contribua.org/bairros/norte/centro/Avenida_Dom_Pedro_II__119_90.jpg"""
17655+2015-05-07T20:55:42.177165+517+45434+735++2015-05-07T20:55:42.177198+++"""Qual local lhe parece mais seguro? Right https://contribua.org/bairros/norte/centro/Rua_Manoel_P._de_Araujo__150_270.jpg https://contribua.org/bairros/norte/centro/Avenida_Dom_Pedro_II__500_90.jpg"""
17663+2015-05-08T15:55:28.729890+517+45355+736++2015-05-08T15:55:28.729922+++"""Qual local lhe parece mais seguro? Right https://contribua.org/bairros/norte/centro/Rua_Manoel_P._de_Araujo__150_90.jpg https://contribua.org/bairros/norte/centro/Avenida_Dom_Pedro_II__500_270.jpg"""
17664+2015-05-08T15:55:39.373520+517+45389+736++2015-05-08T15:55:39.373553+++"""Qual local lhe parece mais seguro? Right https://contribua.org/bairros/oeste/liberdade/Rua_Acre__635_90.jpg https://contribua.org/bairros/norte/centro/Avenida_Dom_Pedro_II__500_270.jpg"""
17668+2015-05-08T15:56:44.208849+517+45376+736++2015-05-08T15:56:44.208883+++"""Qual local lhe parece mais agrad%C3%A1vel? Right https://contribua.org/bairros/oeste/liberdade/Rua_Padre_Pedro_Serrao__353__90.jpg https://contribua.org/bairros/oeste/catole/Rua_Olegario_Mariano__139_90.jpg"""
17672+2015-05-10T20:52:38.576525+517+45374+737++2015-05-10T20:52:38.576562+++"""Qual local lhe parece mais agrad%C3%A1vel? Right https://contribua.org/bairros/oeste/catole/Rua_Honorio_de_Melo__240__270.jpg https://contribua.org/bairros/oeste/liberdade/Rua_Edesio_Silva__602__0.jpg"""
17680+2015-05-10T20:53:31.632060+517+45354+737++2015-05-10T20:53:31.632094+++"""Qual local lhe parece mais agrad%C3%A1vel? Left https://contribua.org/bairros/oeste/liberdade/Rua_Odon_Bezerra__306_90.jpg https://contribua.org/bairros/oeste/liberdade/Rua_Acre__635_270.jpg"""
17683+2015-05-10T20:55:55.698644+517+45204+737++2015-05-10T20:55:55.698677+++"""Qual local lhe parece mais seguro? NotKnown https://contribua.org/bairros/oeste/liberdade/Rua_Edesio_Silva__602__180.jpg https://contribua.org/bairros/norte/centro/Rua_Capitao_Joao_de_Sa__45__0.jpg"""
17689+2015-05-10T20:57:56.095716+517+45387+737++2015-05-10T20:57:56.095749+++"""Qual local lhe parece mais agrad%C3%A1vel? Right https://contribua.org/bairros/oeste/catole/Rua_Sebastiao_Vieira_da_Silva__1273__180.jpg https://contribua.org/bairros/oeste/catole/Rua_Olegario_Mariano__139_270.jpg"""
17690+2015-05-10T20:57:59.011080+517+45438+737++2015-05-10T20:57:59.011112+++"""Qual local lhe parece mais agrad%C3%A1vel? Right https://contribua.org/bairros/oeste/liberdade/Rua_Severino_Pimentel__321__0.jpg https://contribua.org/bairros/oeste/catole/Rua_Doutor_Antonio_Telha_-_Catole__Campina_Grande__270.jpg"""
17715+2015-05-10T21:19:46.580635+517+45435+738++2015-05-10T21:19:46.580668+++"""Qual local lhe parece mais agrad%C3%A1vel? Left https://contribua.org/bairros/oeste/liberdade/Rua_Severino_Pimentel__439__180.jpg https://contribua.org/bairros/oeste/catole/Rua_Otacilio_Nepomuceno__76_90.jpg"""
17737+2015-05-10T21:26:03.894307+517+45292+738++2015-05-10T21:26:03.894341+++"""Qual local lhe parece mais agrad%C3%A1vel? Left https://contribua.org/bairros/oeste/catole/Rua_Luisa_Bezerra_Mota__246_270.jpg https://contribua.org/bairros/oeste/catole/Rua_Doutor_Antonio_Telha__235_0.jpg"""
17749+2015-05-10T21:28:33.799373+517+45425+738++2015-05-10T21:28:33.799407+++"""Qual local lhe parece mais seguro? NotKnown https://contribua.org/bairros/oeste/liberdade/Rua_Padre_Pedro_Serrao__336__90.jpg https://contribua.org/bairros/norte/centro/Avenida_Dom_Pedro_II__500_270.jpg"""
17687+2015-05-10T20:57:13.310809+517+45383+737++2015-05-10T20:57:13.310844+++"""Qual local lhe parece mais agrad%C3%A1vel? Right https://contribua.org/bairros/oeste/liberdade/Rua_Espirito_Santo__1288__180.jpg https://contribua.org/bairros/oeste/catole/Rua_Olegario_Mariano__139_0.jpg"""
17692+2015-05-10T20:59:46.879136+517+45272+737++2015-05-10T20:59:46.879170+++"""Qual local lhe parece mais seguro? Right https://contribua.org/bairros/norte/centro/Rua_Quebra_Quilos__399__90.jpg https://contribua.org/bairros/norte/centro/Avenida_Dom_Pedro_II__500_270.jpg"""
17698+2015-05-10T21:02:23.621607+517+45382+737++2015-05-10T21:02:23.621641+++"""Qual local lhe parece mais agrad%C3%A1vel? Right https://contribua.org/bairros/oeste/liberdade/Rua_Padre_Pedro_Serrao__207__270.jpg https://contribua.org/bairros/oeste/catole/Rua_Olegario_Mariano__139_0.jpg"""
17706+2015-05-10T21:18:40.431277+517+45236+738++2015-05-10T21:18:40.431310+++"""Qual local lhe parece mais seguro? Right https://contribua.org/bairros/oeste/catole/Rua_Cristina_Procopio_da_Silva__62__270.jpg https://contribua.org/bairros/norte/centro/Avenida_Presidente_Joao_Pessoa__128__180.jpg"""
17709+2015-05-10T21:18:51.241229+517+45457+738++2015-05-10T21:18:51.241262+++"""Qual local lhe parece mais agrad%C3%A1vel? Left https://contribua.org/bairros/oeste/liberdade/Rua_Severino_Pimentel__511_90.jpg https://contribua.org/bairros/oeste/liberdade/Rua_Odon_Bezerra__147_270.jpg"""
17710+2015-05-10T21:18:57.133771+517+45286+738++2015-05-10T21:18:57.133807+++"""Qual local lhe parece mais seguro? Right https://contribua.org/bairros/norte/centro/Rua_Doutor_Severino_Cruz__411__90.jpg https://contribua.org/bairros/norte/centro/Avenida_Presidente_Joao_Pessoa__128__180.jpg"""
17741+2015-05-10T21:26:48.508717+517+45222+738++2015-05-10T21:26:48.508748+++"""Qual local lhe parece mais seguro? Left https://contribua.org/bairros/norte/centro/Rua_Augusto_Severo__71_90.jpg https://contribua.org/bairros/norte/centro/Avenida_Dom_Pedro_II__119_90.jpg"""
17782+2015-05-10T21:40:12.181423+517+45431+739++2015-05-10T21:40:12.181455+++"""Qual local lhe parece mais agrad%C3%A1vel? Right https://contribua.org/bairros/oeste/liberdade/Rua_Odon_Bezerra__388__270.jpg https://contribua.org/bairros/oeste/catole/Rua_Olegario_Mariano__139_270.jpg"""
17733+2015-05-10T21:24:23.969116+517+45257+738++2015-05-10T21:24:23.969149+++"""Qual local lhe parece mais agrad%C3%A1vel? Right https://contribua.org/bairros/oeste/liberdade/Rua_Severino_Pimentel__321__0.jpg https://contribua.org/bairros/norte/centro/Rua_Quebra_Quilos__399__270.jpg"""
17736+2015-05-10T21:26:01.189133+517+45460+738++2015-05-10T21:26:01.189165+++"""Qual local lhe parece mais agrad%C3%A1vel? Left https://contribua.org/bairros/oeste/liberdade/Rua_Riachuelo__847__0.jpg https://contribua.org/bairros/oeste/catole/Rua_Olegario_Mariano__139_0.jpg"""
17781+2015-05-10T21:40:05.590906+517+45460+739++2015-05-10T21:40:05.591006+++"""Qual local lhe parece mais agrad%C3%A1vel? NotKnown https://contribua.org/bairros/oeste/liberdade/Rua_Riachuelo__847__0.jpg https://contribua.org/bairros/oeste/catole/Rua_Olegario_Mariano__139_0.jpg"""
17788+2015-05-10T21:41:36.472162+517+45455+739++2015-05-10T21:41:36.472195+++"""Qual local lhe parece mais agrad%C3%A1vel? NotKnown https://contribua.org/bairros/oeste/liberdade/Rua_Severino_Pimentel__511_270.jpg https://contribua.org/bairros/oeste/catole/Rua_Sebastiao_Vieira_da_Silva__1273__0.jpg"""
17793+2015-05-10T21:43:03.988240+517+45461+739++2015-05-10T21:43:03.988274+++"""Qual local lhe parece mais seguro? NotKnown https://contribua.org/bairros/oeste/liberdade/Rua_Odon_Bezerra__388__90.jpg https://contribua.org/bairros/norte/centro/Avenida_Presidente_Getulio_Vargas__271__90.jpg"""
17731+2015-05-10T21:23:58.842419+517+45288+738++2015-05-10T21:23:58.842461+++"""Qual local lhe parece mais seguro? Right https://contribua.org/bairros/oeste/catole/Rua_Aluisio_Cunha_Linha__50__90.jpg https://contribua.org/bairros/norte/centro/Avenida_Presidente_Joao_Pessoa__128__90.jpg"""
17796+2015-05-10T21:43:34.775302+517+45416+739++2015-05-10T21:43:34.775335+++"""Qual local lhe parece mais seguro? NotKnown https://contribua.org/bairros/oeste/liberdade/Rua_Espirito_Santo__1288__180.jpg https://contribua.org/bairros/norte/centro/Avenida_Dom_Pedro_II__500_270.jpg"""
17786+2015-05-10T21:40:57.793536+517+45408+739++2015-05-10T21:40:57.793570+++"""Qual local lhe parece mais seguro? Left https://contribua.org/bairros/oeste/catole/Avenida_Prefeito_Severino_Bezerra_Cabral__218_90.jpg https://contribua.org/bairros/norte/centro/Rua_Elias_Aforas__67__180.jpg"""
17795+2015-05-10T21:43:24.688055+517+45430+739++2015-05-10T21:43:24.688088+++"""Qual local lhe parece mais seguro? NotKnown https://contribua.org/bairros/norte/centro/Rua_Coronel_Salvino_Figueiredo__251_270.jpg https://contribua.org/bairros/norte/centro/Rua_Elias_Aforas__67__180.jpg"""
17789+2015-05-10T21:41:51.593316+517+45351+739++2015-05-10T21:41:51.593351+++"""Qual local lhe parece mais seguro? Right https://contribua.org/bairros/oeste/liberdade/Rua_Espirito_Santo__1288__180.jpg https://contribua.org/bairros/norte/centro/Avenida_Presidente_Joao_Pessoa__128__90.jpg"""
17797+2015-05-10T21:43:43.052243+517+45304+739++2015-05-10T21:43:43.052276+++"""Qual local lhe parece mais agrad%C3%A1vel? Right https://contribua.org/bairros/oeste/liberdade/Rua_Odon_Bezerra__306_270.jpg https://contribua.org/bairros/oeste/catole/Rua_Olegario_Mariano__139_0.jpg"""
17830+2015-05-10T21:51:29.583886+517+45357+739++2015-05-10T21:51:29.583920+++"""Qual local lhe parece mais seguro? NotKnown https://contribua.org/bairros/norte/centro/Rua_Manoel_P._de_Araujo__150_90.jpg https://contribua.org/bairros/norte/centro/Avenida_Presidente_Joao_Pessoa__128__90.jpg"""
17860+2015-05-10T21:55:45.333721+517+45523+739++2015-05-10T21:55:45.333755+++"""Qual local lhe parece mais agrad%C3%A1vel? NotKnown https://contribua.org/bairros/oeste/liberdade/Rua_Severino_Pimentel__511_270.jpg https://contribua.org/bairros/oeste/catole/Rua_Olegario_Mariano__139_180.jpg"""
17863+2015-05-10T21:55:50.875525+517+45535+739++2015-05-10T21:55:50.875542+++"""Qual local lhe parece mais seguro? NotKnown https://contribua.org/bairros/norte/centro/Rua_Manoel_P._de_Araujo__370_0.jpg https://contribua.org/bairros/oeste/liberdade/Rua_Riachuelo__455__180.jpg"""
17898+2015-05-12T00:25:07.824370+517+45521+731++2015-05-12T00:25:07.824387+++"""{age=19|sex=Feminino|class=Baixa (at\u00e9 R$ 1.449,99)|educ=Ensino M\u00e9dio|city=Campina Grande - Para\u00edba, Brasil|time=19|rel=Solteiro|neig=cen} Qual local lhe parece mais agrad%C3%A1vel? NotKnown https://contribua.org/bairros/oeste/liberdade/Rua_Santa_Catarina__1231__0.jpg https://contribua.org/bairros/oeste/catole/Rua_Sebastiao_Vieira_da_Silva__1273__180.jpg"""
17904+2015-05-12T00:25:34.514249+517+45304+731++2015-05-12T00:25:34.514265+++"""Qual local lhe parece mais agrad%C3%A1vel? Right https://contribua.org/bairros/oeste/liberdade/Rua_Odon_Bezerra__306_270.jpg https://contribua.org/bairros/oeste/catole/Rua_Olegario_Mariano__139_0.jpg"""
17905+2015-05-12T00:25:39.486698+517+45488+731++2015-05-12T00:25:39.486735+++"""Qual local lhe parece mais agrad%C3%A1vel? Right https://contribua.org/bairros/oeste/catole/Rua_Inacio_Marques_da_Silva__434_90.jpg https://contribua.org/bairros/oeste/liberdade/Rua_Edesio_Silva__602__0.jpg"""
17910+2015-05-12T00:26:12.903464+517+45476+731++2015-05-12T00:26:12.903499+++"""Qual local lhe parece mais agrad%C3%A1vel? NotKnown https://contribua.org/bairros/oeste/liberdade/Rua_Riachuelo__455__0.jpg https://contribua.org/bairros/oeste/liberdade/Rua_Acre__635_270.jpg"""
17847+2015-05-10T21:54:03.602091+517+45544+739++2015-05-10T21:54:03.602127+++"""Qual local lhe parece mais agrad%C3%A1vel? NotKnown https://contribua.org/bairros/oeste/liberdade/Rua_Sergipe__1337_90.jpg https://contribua.org/bairros/oeste/catole/Rua_Honorio_de_Melo__240__270.jpg"""
17892+2015-05-12T00:23:33.263988+517+45533+731++2015-05-12T00:23:33.264005+++"""Qual local lhe parece mais seguro? Right https://contribua.org/bairros/oeste/liberdade/Rua_Padre_Pedro_Serrao__207__90.jpg https://contribua.org/bairros/norte/centro/Avenida_Barao_Rio_Branco__141_90.jpg"""
17966+2015-05-12T14:41:21.432605+517+45518+641++2015-05-12T14:41:21.432637+++"""Qual local lhe parece mais agrad%C3%A1vel? Right https://contribua.org/bairros/oeste/liberdade/Rua_Odon_Bezerra__388__90.jpg https://contribua.org/bairros/oeste/catole/Rua_Otacilio_Nepomuceno__76_0.jpg"""
17970+2015-05-12T14:41:33.131063+517+45442+641++2015-05-12T14:41:33.131098+++"""Qual local lhe parece mais seguro? Right https://contribua.org/bairros/oeste/catole/Rua_Joao_Francisco_Mota__64__90.jpg https://contribua.org/bairros/norte/centro/Avenida_Dom_Pedro_II__500_270.jpg"""
17833+2015-05-10T21:51:45.668415+517+45438+739++2015-05-10T21:51:45.668449+++"""Qual local lhe parece mais agrad%C3%A1vel? Right https://contribua.org/bairros/oeste/liberdade/Rua_Severino_Pimentel__321__0.jpg https://contribua.org/bairros/oeste/catole/Rua_Doutor_Antonio_Telha_-_Catole__Campina_Grande__270.jpg"""
17845+2015-05-10T21:53:44.817612+517+45516+739++2015-05-10T21:53:44.817666+++"""Qual local lhe parece mais seguro? NotKnown https://contribua.org/bairros/oeste/liberdade/Rua_Padre_Pedro_Serrao__336__90.jpg https://contribua.org/bairros/norte/centro/Avenida_Presidente_Getulio_Vargas__395__90.jpg"""
17846+2015-05-10T21:54:01.050460+517+45486+739++2015-05-10T21:54:01.050494+++"""Qual local lhe parece mais seguro? NotKnown https://contribua.org/bairros/oeste/liberdade/Rua_Severino_Pimentel__511_270.jpg https://contribua.org/bairros/norte/centro/Avenida_Dom_Pedro_II__500_90.jpg"""
17890+2015-05-12T00:23:19.569883+517+45428+731++2015-05-12T00:23:19.569918+++"""Qual local lhe parece mais agrad%C3%A1vel? Right https://contribua.org/bairros/oeste/catole/Rua_Doutor_Antonio_Telha_-_Catole__Campina_Grande__270.jpg https://contribua.org/bairros/oeste/catole/Rua_Olegario_Mariano__139_90.jpg"""
17858+2015-05-10T21:55:38.393538+517+45425+739++2015-05-10T21:55:38.393572+++"""Qual local lhe parece mais seguro? NotKnown https://contribua.org/bairros/oeste/liberdade/Rua_Padre_Pedro_Serrao__336__90.jpg https://contribua.org/bairros/norte/centro/Avenida_Dom_Pedro_II__500_270.jpg"""
17909+2015-05-12T00:26:07.113547+517+45522+731++2015-05-12T00:26:07.113580+++"""Qual local lhe parece mais seguro? Right https://contribua.org/bairros/norte/centro/Rua_Capitao_Joao_de_Sa__45__180.jpg https://contribua.org/bairros/oeste/liberdade/Rua_Riachuelo__455__180.jpg"""
17925+2015-05-12T00:28:14.102053+517+45462+731++2015-05-12T00:28:14.102087+++"""Qual local lhe parece mais agrad%C3%A1vel? NotKnown https://contribua.org/bairros/oeste/liberdade/Rua_Severino_Pimentel__321__180.jpg https://contribua.org/bairros/oeste/catole/Rua_Sebastiao_Vieira_da_Silva__1273__0.jpg"""
17969+2015-05-12T14:41:30.229785+517+45487+641++2015-05-12T14:41:30.229820+++"""Qual local lhe parece mais agrad%C3%A1vel? Right https://contribua.org/bairros/oeste/catole/Rua_Olegario_Mariano__139_180.jpg https://contribua.org/bairros/oeste/catole/Rua_Luisa_Bezerra_Mota__246_270.jpg"""
17851+2015-05-10T21:54:56.483927+517+45528+739++2015-05-10T21:54:56.483961+++"""Qual local lhe parece mais agrad%C3%A1vel? Left https://contribua.org/bairros/oeste/liberdade/Rua_Severino_Pimentel__321__180.jpg https://contribua.org/bairros/oeste/catole/Rua_Otacilio_Nepomuceno__76_0.jpg"""
17886+2015-05-11T20:44:40.023507+517+45478+641++2015-05-11T20:44:40.023542+++"""Qual local lhe parece mais seguro? Right https://contribua.org/bairros/oeste/liberdade/Rua_Riachuelo__930__0.jpg https://contribua.org/bairros/norte/centro/Rua_Capitao_Joao_de_Sa__45__0.jpg"""
17912+2015-05-12T00:26:39.598868+517+45394+731++2015-05-12T00:26:39.598905+++"""Qual local lhe parece mais seguro? NotKnown https://contribua.org/bairros/oeste/liberdade/Rua_Acre__635_270.jpg https://contribua.org/bairros/norte/centro/Avenida_Dom_Pedro_II__119_90.jpg"""
17913+2015-05-12T00:26:53.334517+517+45440+731++2015-05-12T00:26:53.334551+++"""Qual local lhe parece mais seguro? Right https://contribua.org/bairros/norte/centro/Rua_Elias_Aforas__67__180.jpg https://contribua.org/bairros/norte/centro/Avenida_Dom_Pedro_II__500_90.jpg"""
17927+2015-05-12T00:28:27.368030+517+45501+731++2015-05-12T00:28:27.368048+++"""Qual local lhe parece mais seguro? NotKnown https://contribua.org/bairros/oeste/catole/Rua_Luisa_Bezerra_Mota__246_90.jpg https://contribua.org/bairros/norte/centro/Avenida_Dom_Pedro_II__119_90.jpg"""
17934+2015-05-12T00:29:09.276866+517+45324+731++2015-05-12T00:29:09.276886+++"""Qual local lhe parece mais seguro? Left https://contribua.org/bairros/oeste/catole/Rua_Aluisio_Cunha_Linha__50__270.jpg https://contribua.org/bairros/norte/centro/Avenida_Presidente_Joao_Pessoa__128__90.jpg"""
17939+2015-05-12T00:29:46.843285+517+45490+731++2015-05-12T00:29:46.843304+++"""Qual local lhe parece mais seguro? Left https://contribua.org/bairros/norte/centro/Rua_Elias_Aforas__67__180.jpg https://contribua.org/bairros/norte/centro/Avenida_Dom_Pedro_II__500_270.jpg"""
17947+2015-05-12T00:30:49.188436+517+45231+731++2015-05-12T00:30:49.188450+++"""Qual local lhe parece mais agrad%C3%A1vel? NotKnown https://contribua.org/bairros/oeste/liberdade/Rua_Padre_Pedro_Serrao__336__90.jpg https://contribua.org/bairros/norte/centro/Rua_Quebra_Quilos__399__270.jpg"""
17957+2015-05-12T14:40:40.362128+517+45509+641++2015-05-12T14:40:40.362166+++"""Qual local lhe parece mais agrad%C3%A1vel? Right https://contribua.org/bairros/oeste/liberdade/Rua_Edesio_Silva__602__180.jpg https://contribua.org/bairros/oeste/catole/Rua_Joao_Francisco_Mota__64__270.jpg"""
18051+2015-05-14T13:52:03.990857+517+45592+620++2015-05-14T13:52:03.990892+++"""Qual local lhe parece mais agrad%C3%A1vel? Left https://contribua.org/bairros/oeste/liberdade/Rua_Odon_Bezerra__388__90.jpg https://contribua.org/bairros/oeste/liberdade/Rua_Padre_Pedro_Serrao__336__90.jpg"""
18084+2015-05-14T13:53:41.101391+517+45602+620++2015-05-14T13:53:41.101425+++"""Qual local lhe parece mais agrad%C3%A1vel? Right https://contribua.org/bairros/oeste/liberdade/Rua_Severino_Pimentel__321__0.jpg https://contribua.org/bairros/oeste/liberdade/Rua_Riachuelo__930__0.jpg"""
18100+2015-05-14T13:59:08.692349+517+45666+620++2015-05-14T13:59:08.692384+++"""Qual local lhe parece mais seguro? Right https://contribua.org/bairros/norte/centro/Rua_Elias_Aforas__202_180.jpg https://contribua.org/bairros/oeste/liberdade/Rua_Riachuelo__455__180.jpg"""
17944+2015-05-12T00:30:20.521819+517+45499+731++2015-05-12T00:30:20.521836+++"""Qual local lhe parece mais agrad%C3%A1vel? Right https://contribua.org/bairros/oeste/liberdade/Rua_Severino_Pimentel__321__180.jpg https://contribua.org/bairros/oeste/catole/Rua_Doutor_Antonio_Telha_-_Catole__Campina_Grande__270.jpg"""
17973+2015-05-12T14:41:44.228951+517+45494+641++2015-05-12T14:41:44.228985+++"""Qual local lhe parece mais agrad%C3%A1vel? Left https://contribua.org/bairros/oeste/liberdade/Rua_Severino_Pimentel__439__0.jpg https://contribua.org/bairros/oeste/catole/Rua_Sebastiao_Vieira_da_Silva__1273__0.jpg"""
17980+2015-05-12T14:42:12.143191+517+45517+641++2015-05-12T14:42:12.143226+++"""Qual local lhe parece mais agrad%C3%A1vel? Left https://contribua.org/bairros/oeste/liberdade/Rua_Severino_Pimentel__439__0.jpg https://contribua.org/bairros/oeste/liberdade/Rua_Padre_Pedro_Serrao__336__90.jpg"""
17988+2015-05-12T14:42:47.383076+517+45474+641++2015-05-12T14:42:47.383094+++"""Qual local lhe parece mais agrad%C3%A1vel? Right https://contribua.org/bairros/oeste/liberdade/Rua_Acre__635_270.jpg https://contribua.org/bairros/oeste/catole/Rua_Olegario_Mariano__139_270.jpg"""
17991+2015-05-12T14:42:58.121568+517+45531+641++2015-05-12T14:42:58.121587+++"""Qual local lhe parece mais agrad%C3%A1vel? Right https://contribua.org/bairros/oeste/liberdade/Rua_Sergipe__1337_0.jpg https://contribua.org/bairros/oeste/liberdade/Rua_Padre_Pedro_Serrao__207__90.jpg"""
17994+2015-05-12T14:43:05.475933+517+45555+641++2015-05-12T14:43:05.475967+++"""Qual local lhe parece mais seguro? Right https://contribua.org/bairros/norte/centro/Rua_Augusto_Severo__71_90.jpg https://contribua.org/bairros/norte/centro/Avenida_Presidente_Getulio_Vargas__271__270.jpg"""
18012+2015-05-12T19:13:12.249285+517+45558+646++2015-05-12T19:13:12.249318+++"""Qual local lhe parece mais agrad%C3%A1vel? NotKnown https://contribua.org/bairros/oeste/liberdade/Rua_Severino_Pimentel__511_90.jpg https://contribua.org/bairros/oeste/liberdade/Rua_Odon_Bezerra__306_270.jpg"""
17972+2015-05-12T14:41:41.253485+517+45564+641++2015-05-12T14:41:41.253520+++"""Qual local lhe parece mais seguro? Right https://contribua.org/bairros/oeste/liberdade/Rua_Edesio_Silva__602__180.jpg https://contribua.org/bairros/norte/centro/Avenida_Presidente_Getulio_Vargas__271__270.jpg"""
18005+2015-05-12T19:12:36.930749+517+45533+646++2015-05-12T19:12:36.930783+++"""Qual local lhe parece mais seguro? NotKnown https://contribua.org/bairros/oeste/liberdade/Rua_Padre_Pedro_Serrao__207__90.jpg https://contribua.org/bairros/norte/centro/Avenida_Barao_Rio_Branco__141_90.jpg"""
18032+2015-05-14T13:46:11.445106+517+45502+620++2015-05-14T13:46:11.445142+++"""Qual local lhe parece mais agrad%C3%A1vel? Right https://contribua.org/bairros/oeste/liberdade/Rua_Padre_Pedro_Serrao__336__270.jpg https://contribua.org/bairros/oeste/catole/Rua_Otacilio_Nepomuceno__76_90.jpg"""
18069+2015-05-14T13:53:00.236879+517+45494+620++2015-05-14T13:53:00.236912+++"""Qual local lhe parece mais agrad%C3%A1vel? Left https://contribua.org/bairros/oeste/liberdade/Rua_Severino_Pimentel__439__0.jpg https://contribua.org/bairros/oeste/catole/Rua_Sebastiao_Vieira_da_Silva__1273__0.jpg"""
18095+2015-05-14T13:54:09.709950+517+45630+620++2015-05-14T13:54:09.709982+++"""Qual local lhe parece mais agrad%C3%A1vel? Right https://contribua.org/bairros/oeste/liberdade/Rua_Santa_Catarina__1231__0.jpg https://contribua.org/bairros/oeste/liberdade/Rua_Odon_Bezerra__306_90.jpg"""
17979+2015-05-12T14:42:08.498951+517+45526+641++2015-05-12T14:42:08.498994+++"""Qual local lhe parece mais agrad%C3%A1vel? Left https://contribua.org/bairros/oeste/liberdade/Rua_Riachuelo__930__0.jpg https://contribua.org/bairros/oeste/liberdade/Rua_Severino_Pimentel__321__180.jpg"""
17987+2015-05-12T14:42:45.287627+517+45529+641++2015-05-12T14:42:45.287661+++"""Qual local lhe parece mais seguro? Left https://contribua.org/bairros/norte/centro/Rua_Manoel_P._de_Araujo__370_0.jpg https://contribua.org/bairros/norte/centro/Avenida_Dom_Pedro_II__119_270.jpg"""
18013+2015-05-12T19:13:23.720566+517+45561+646++2015-05-12T19:13:23.720600+++"""Qual local lhe parece mais seguro? NotKnown https://contribua.org/bairros/norte/centro/Rua_Capitao_Joao_de_Sa__45__0.jpg https://contribua.org/bairros/norte/centro/Avenida_Presidente_Getulio_Vargas__395__270.jpg"""
18027+2015-05-12T19:19:16.131673+517+45614+646++2015-05-12T19:19:16.131690+++"""Qual local lhe parece mais seguro? NotKnown https://contribua.org/bairros/oeste/liberdade/Rua_Severino_Pimentel__511_90.jpg https://contribua.org/bairros/norte/centro/Rua_Elias_Aforas__202_180.jpg"""
18046+2015-05-14T13:51:42.709836+517+45558+620++2015-05-14T13:51:42.709874+++"""Qual local lhe parece mais agrad%C3%A1vel? Right https://contribua.org/bairros/oeste/liberdade/Rua_Severino_Pimentel__511_90.jpg https://contribua.org/bairros/oeste/liberdade/Rua_Odon_Bezerra__306_270.jpg"""
18060+2015-05-14T13:52:34.840980+517+45498+620++2015-05-14T13:52:34.840999+++"""Qual local lhe parece mais agrad%C3%A1vel? Left https://contribua.org/bairros/oeste/catole/Rua_Honorio_de_Melo__240__270.jpg https://contribua.org/bairros/oeste/catole/Rua_Doutor_Antonio_Telha__68__270.jpg"""
18070+2015-05-14T13:53:02.734952+517+45539+620++2015-05-14T13:53:02.734992+++"""Qual local lhe parece mais agrad%C3%A1vel? Right https://contribua.org/bairros/oeste/liberdade/Rua_Santa_Catarina__1231__0.jpg https://contribua.org/bairros/oeste/liberdade/Rua_Sergipe__1337_0.jpg"""
18055+2015-05-14T13:52:13.991215+517+45583+620++2015-05-14T13:52:13.991249+++"""Qual local lhe parece mais agrad%C3%A1vel? Right https://contribua.org/bairros/oeste/liberdade/Rua_Padre_Pedro_Serrao__336__270.jpg https://contribua.org/bairros/oeste/liberdade/Rua_Odon_Bezerra__306_90.jpg"""
18079+2015-05-14T13:53:30.375690+517+45571+620++2015-05-14T13:53:30.375724+++"""Qual local lhe parece mais seguro? Right https://contribua.org/bairros/norte/centro/Avenida_Presidente_Getulio_Vargas__271__90.jpg https://contribua.org/bairros/norte/centro/Avenida_Presidente_Getulio_Vargas__395__90.jpg"""
18085+2015-05-14T13:53:44.544980+517+45520+620++2015-05-14T13:53:44.545003+++"""Qual local lhe parece mais agrad%C3%A1vel? Left https://contribua.org/bairros/oeste/liberdade/Rua_Severino_Pimentel__511_270.jpg https://contribua.org/bairros/oeste/catole/Rua_Inacio_Marques_da_Silva__434_90.jpg"""
18108+2015-05-14T14:27:19.978222+517+45566+741++2015-05-14T14:27:19.978256+++"""Qual local lhe parece mais agrad%C3%A1vel? NotKnown https://contribua.org/bairros/oeste/liberdade/Rua_Padre_Pedro_Serrao__336__270.jpg https://contribua.org/bairros/oeste/liberdade/Rua_Riachuelo__455__0.jpg"""
18113+2015-05-14T14:57:20.276308+517+45653+742++2015-05-14T14:57:20.276341+++"""Qual local lhe parece mais agrad%C3%A1vel? Left https://contribua.org/bairros/oeste/liberdade/Rua_Padre_Pedro_Serrao__336__270.jpg https://contribua.org/bairros/oeste/liberdade/Rua_Edesio_Silva__602__180.jpg"""
18039+2015-05-14T13:46:40.049088+517+45576+620++2015-05-14T13:46:40.049123+++"""Qual local lhe parece mais seguro? Right https://contribua.org/bairros/oeste/catole/Rua_Cristina_Procopio_da_Silva__62__270.jpg https://contribua.org/bairros/norte/centro/Avenida_Barao_Rio_Branco__141_90.jpg"""
18040+2015-05-14T13:46:45.385499+517+45524+620++2015-05-14T13:46:45.385531+++"""Qual local lhe parece mais seguro? Left https://contribua.org/bairros/oeste/liberdade/Rua_Severino_Pimentel__321__180.jpg https://contribua.org/bairros/oeste/liberdade/Rua_Riachuelo__455__180.jpg"""
18056+2015-05-14T13:52:19.934760+517+45458+620++2015-05-14T13:52:19.934792+++"""Qual local lhe parece mais seguro? Right https://contribua.org/bairros/norte/centro/Rua_Felix_Araujo__48__270.jpg https://contribua.org/bairros/norte/centro/Rua_Capitao_Joao_de_Sa__45__0.jpg"""
18078+2015-05-14T13:53:27.694487+517+45550+620++2015-05-14T13:53:27.694528+++"""Qual local lhe parece mais seguro? Left https://contribua.org/bairros/norte/centro/Rua_Quebra_Quilos__399__270.jpg https://contribua.org/bairros/oeste/liberdade/Rua_Riachuelo__455__180.jpg"""
18099+2015-05-14T13:57:02.339220+517+45503+620++2015-05-14T13:57:02.339252+++"""Qual local lhe parece mais seguro? Left https://contribua.org/bairros/norte/centro/Rua_Coronel_Salvino_Figueiredo__251_270.jpg https://contribua.org/bairros/norte/centro/Avenida_Presidente_Getulio_Vargas__271__90.jpg"""
18130+2015-05-14T15:01:26.108494+517+45616+742++2015-05-14T15:01:26.108527+++"""Qual local lhe parece mais agrad%C3%A1vel? Left https://contribua.org/bairros/oeste/liberdade/Rua_Severino_Pimentel__321__0.jpg https://contribua.org/bairros/oeste/liberdade/Rua_Odon_Bezerra__388__270.jpg"""
18224+2015-05-14T17:25:40.321438+517+45720+744++2015-05-14T17:25:40.321471+++"""Qual local lhe parece mais seguro? Right https://contribua.org/bairros/oeste/catole/Rua_Doutor_Antonio_Telha__68__270.jpg https://contribua.org/bairros/norte/centro/Avenida_Presidente_Getulio_Vargas__271__270.jpg"""
18191+2015-05-14T17:19:43.156797+517+45624+744++2015-05-14T17:19:43.156830+++"""Qual local lhe parece mais agrad%C3%A1vel? Right https://contribua.org/bairros/oeste/liberdade/Rua_Riachuelo__455__0.jpg https://contribua.org/bairros/oeste/liberdade/Rua_Odon_Bezerra__147_90.jpg"""
18223+2015-05-14T17:25:34.761395+517+45668+744++2015-05-14T17:25:34.761429+++"""Qual local lhe parece mais seguro? NotKnown https://contribua.org/bairros/oeste/catole/Rua_Vigario_Calixto__1201_180.jpg https://contribua.org/bairros/oeste/liberdade/Rua_Riachuelo__455__180.jpg"""
18238+2015-05-14T17:26:53.207763+517+45667+744++2015-05-14T17:26:53.207798+++"""Qual local lhe parece mais seguro? Left https://contribua.org/bairros/oeste/liberdade/Rua_Padre_Pedro_Serrao__207__90.jpg https://contribua.org/bairros/oeste/liberdade/Rua_Riachuelo__455__180.jpg"""
18244+2015-05-14T17:27:21.095381+517+45691+744++2015-05-14T17:27:21.095413+++"""Qual local lhe parece mais seguro? Right https://contribua.org/bairros/oeste/liberdade/Rua_Padre_Pedro_Serrao__353__90.jpg https://contribua.org/bairros/norte/centro/Avenida_Presidente_Getulio_Vargas__395__90.jpg"""
18184+2015-05-14T17:18:34.952082+517+45593+744++2015-05-14T17:18:34.952115+++"""Qual local lhe parece mais seguro? Right https://contribua.org/bairros/norte/centro/Avenida_Presidente_Getulio_Vargas__395__90.jpg https://contribua.org/bairros/norte/centro/Avenida_Dom_Pedro_II__119_270.jpg"""
18188+2015-05-14T17:19:11.726562+517+45372+744++2015-05-14T17:19:11.726596+++"""Qual local lhe parece mais agrad%C3%A1vel? NotKnown https://contribua.org/bairros/oeste/liberdade/Rua_Riachuelo__847__180.jpg https://contribua.org/bairros/oeste/liberdade/Rua_Acre__635_270.jpg"""
18216+2015-05-14T17:24:52.909855+517+45702+744++2015-05-14T17:24:52.909891+++"""Qual local lhe parece mais agrad%C3%A1vel? Left https://contribua.org/bairros/oeste/liberdade/Rua_Severino_Pimentel__511_90.jpg https://contribua.org/bairros/oeste/liberdade/Rua_Padre_Pedro_Serrao__207__270.jpg"""
18185+2015-05-14T17:18:46.844386+517+45692+744++2015-05-14T17:18:46.844421+++"""Qual local lhe parece mais seguro? Right https://contribua.org/bairros/oeste/catole/Rua_Olegario_Mariano__139_180.jpg https://contribua.org/bairros/norte/centro/Avenida_Dom_Pedro_II__119_270.jpg"""
18210+2015-05-14T17:24:12.298194+517+45603+744++2015-05-14T17:24:12.298229+++"""Qual local lhe parece mais agrad%C3%A1vel? Left https://contribua.org/bairros/oeste/liberdade/Rua_Odon_Bezerra__306_270.jpg https://contribua.org/bairros/oeste/liberdade/Avenida_Assis_Chateaubriand__1334__0.jpg"""
18217+2015-05-14T17:24:56.369160+517+45650+744++2015-05-14T17:24:56.369194+++"""Qual local lhe parece mais seguro? Left https://contribua.org/bairros/norte/centro/Rua_Joao_da_Mata__490_90.jpg https://contribua.org/bairros/norte/centro/Rua_Elias_Aforas__202_180.jpg"""
18220+2015-05-14T17:25:17.027741+517+45703+744++2015-05-14T17:25:17.027759+++"""Qual local lhe parece mais seguro? Right https://contribua.org/bairros/norte/centro/Avenida_Presidente_Getulio_Vargas__395__90.jpg https://contribua.org/bairros/norte/centro/Avenida_Presidente_Getulio_Vargas__271__270.jpg"""
18228+2015-05-14T17:26:03.933152+517+45638+744++2015-05-14T17:26:03.933187+++"""Qual local lhe parece mais seguro? Right https://contribua.org/bairros/oeste/liberdade/Rua_Edesio_Silva__602__0.jpg https://contribua.org/bairros/norte/centro/Avenida_Barao_Rio_Branco__141_90.jpg"""
18261+2015-05-14T17:28:55.273863+517+45762+744++2015-05-14T17:28:55.273897+++"""Qual local lhe parece mais agrad%C3%A1vel? Left https://contribua.org/bairros/oeste/liberdade/Rua_Santa_Catarina__1231__0.jpg https://contribua.org/bairros/oeste/liberdade/Avenida_Assis_Chateaubriand__1334__0.jpg"""
18199+2015-05-14T17:22:41.255325+517+45699+744++2015-05-14T17:22:41.255359+++"""Qual local lhe parece mais agrad%C3%A1vel? Left https://contribua.org/bairros/oeste/liberdade/Rua_Odon_Bezerra__388__270.jpg https://contribua.org/bairros/oeste/catole/Rua_Sebastiao_Vieira_da_Silva__1273__180.jpg"""
18204+2015-05-14T17:23:31.917046+517+45669+744++2015-05-14T17:23:31.917081+++"""Qual local lhe parece mais agrad%C3%A1vel? NotKnown https://contribua.org/bairros/oeste/liberdade/Rua_Severino_Pimentel__511_270.jpg https://contribua.org/bairros/oeste/liberdade/Rua_Padre_Pedro_Serrao__336__90.jpg"""
18236+2015-05-14T17:26:43.778172+517+45714+744++2015-05-14T17:26:43.778206+++"""Qual local lhe parece mais seguro? Right https://contribua.org/bairros/oeste/liberdade/Rua_Sergipe__1337_0.jpg https://contribua.org/bairros/norte/centro/Avenida_Presidente_Getulio_Vargas__271__270.jpg"""
18258+2015-05-14T17:28:40.326159+517+45636+744++2015-05-14T17:28:40.326191+++"""Qual local lhe parece mais agrad%C3%A1vel? Left https://contribua.org/bairros/oeste/liberdade/Rua_Severino_Pimentel__321__180.jpg https://contribua.org/bairros/oeste/catole/Rua_Olegario_Mariano__139_180.jpg"""
18272+2015-05-14T17:30:09.061934+517+45754+744++2015-05-14T17:30:09.062089+++"""Qual local lhe parece mais seguro? NotKnown https://contribua.org/bairros/oeste/liberdade/Rua_Severino_Pimentel__511_90.jpg https://contribua.org/bairros/oeste/liberdade/Rua_Riachuelo__455__180.jpg"""
18229+2015-05-14T17:26:11.019200+517+45578+744++2015-05-14T17:26:11.019234+++"""Qual local lhe parece mais seguro? Right https://contribua.org/bairros/oeste/catole/Rua_Inacio_Marques_da_Silva__434_270.jpg https://contribua.org/bairros/norte/centro/Avenida_Presidente_Getulio_Vargas__271__270.jpg"""
18270+2015-05-14T17:29:47.726155+517+45657+744++2015-05-14T17:29:47.726189+++"""Qual local lhe parece mais seguro? Left https://contribua.org/bairros/oeste/liberdade/Rua_Odon_Bezerra__147_90.jpg https://contribua.org/bairros/norte/centro/Avenida_Presidente_Getulio_Vargas__271__270.jpg"""
18299+2015-05-14T17:32:43.736478+517+45629+599++2015-05-14T17:32:43.736512+++"""Qual local lhe parece mais seguro? Right https://contribua.org/bairros/oeste/catole/Rua_Doutor_Antonio_Telha__68__270.jpg https://contribua.org/bairros/norte/centro/Avenida_Dom_Pedro_II__119_270.jpg"""
18361+2015-05-14T17:43:51.458120+517+45610+585++2015-05-14T17:43:51.458153+++"""Qual local lhe parece mais agrad%C3%A1vel? Left https://contribua.org/bairros/oeste/liberdade/Rua_Padre_Pedro_Serrao__336__270.jpg https://contribua.org/bairros/oeste/liberdade/Rua_Padre_Pedro_Serrao__207__270.jpg"""
18262+2015-05-14T17:29:03.888562+517+45704+744++2015-05-14T17:29:03.888594+++"""Qual local lhe parece mais seguro? Right https://contribua.org/bairros/norte/centro/Avenida_Dom_Pedro_II__500_270.jpg https://contribua.org/bairros/norte/centro/Avenida_Barao_Rio_Branco__141_90.jpg"""
18276+2015-05-14T17:31:06.946801+517+45693+744++2015-05-14T17:31:06.946836+++"""Qual local lhe parece mais agrad%C3%A1vel? Right https://contribua.org/bairros/oeste/liberdade/Rua_Sergipe__1337_90.jpg https://contribua.org/bairros/oeste/liberdade/Rua_Padre_Pedro_Serrao__353__270.jpg"""
18285+2015-05-14T17:32:08.387944+517+45572+599++2015-05-14T17:32:08.387978+++"""Qual local lhe parece mais agrad%C3%A1vel? Left https://contribua.org/bairros/oeste/liberdade/Rua_Padre_Pedro_Serrao__353__90.jpg https://contribua.org/bairros/oeste/liberdade/Rua_Riachuelo__930__180.jpg"""
18288+2015-05-14T17:32:18.786202+517+45695+599++2015-05-14T17:32:18.786235+++"""Qual local lhe parece mais seguro? Left https://contribua.org/bairros/norte/centro/Rua_Felix_Araujo__48__90.jpg https://contribua.org/bairros/norte/centro/Avenida_Dom_Pedro_II__119_270.jpg"""
18319+2015-05-14T17:40:52.820970+517+45622+585++2015-05-14T17:40:52.821004+++"""Qual local lhe parece mais seguro? Right https://contribua.org/bairros/norte/centro/Rua_Manoel_P._de_Araujo__150_270.jpg https://contribua.org/bairros/norte/centro/Avenida_Barao_Rio_Branco__141_90.jpg"""
18333+2015-05-14T17:42:41.137871+517+45754+746++2015-05-14T17:42:41.137904+++"""Qual local lhe parece mais seguro? NotKnown https://contribua.org/bairros/oeste/liberdade/Rua_Severino_Pimentel__511_90.jpg https://contribua.org/bairros/oeste/liberdade/Rua_Riachuelo__455__180.jpg"""
18324+2015-05-14T17:41:16.045584+517+45536+585++2015-05-14T17:41:16.045616+++"""Qual local lhe parece mais agrad%C3%A1vel? Left https://contribua.org/bairros/oeste/liberdade/Rua_Santa_Catarina__1231__0.jpg https://contribua.org/bairros/oeste/liberdade/Rua_Odon_Bezerra__147_90.jpg"""
18392+2015-05-14T17:45:12.748472+517+45693+746++2015-05-14T17:45:12.748507+++"""Qual local lhe parece mais agrad%C3%A1vel? Right https://contribua.org/bairros/oeste/liberdade/Rua_Sergipe__1337_90.jpg https://contribua.org/bairros/oeste/liberdade/Rua_Padre_Pedro_Serrao__353__270.jpg"""
18472+2015-05-14T17:57:32.787637+517+45755+599++2015-05-14T17:57:32.787671+++"""Qual local lhe parece mais agrad%C3%A1vel? Right https://contribua.org/bairros/oeste/liberdade/Rua_Santa_Catarina__1231__180.jpg https://contribua.org/bairros/oeste/liberdade/Rua_Sergipe__1337_0.jpg"""
18311+2015-05-14T17:33:09.411597+517+45743+744++2015-05-14T17:33:09.411630+++"""Qual local lhe parece mais agrad%C3%A1vel? NotKnown https://contribua.org/bairros/oeste/liberdade/Rua_Riachuelo__930__0.jpg https://contribua.org/bairros/oeste/liberdade/Rua_Riachuelo__930__180.jpg"""
18325+2015-05-14T17:41:17.861411+517+45635+585++2015-05-14T17:41:17.861445+++"""Qual local lhe parece mais seguro? Right https://contribua.org/bairros/oeste/catole/Rua_Deputado_Ascendino_Moura__101__270.jpg https://contribua.org/bairros/norte/centro/Avenida_Barao_Rio_Branco__141_90.jpg"""
18377+2015-05-14T17:44:48.477061+517+45777+746++2015-05-14T17:44:48.477099+++"""Qual local lhe parece mais agrad%C3%A1vel? Left https://contribua.org/bairros/oeste/liberdade/Rua_Riachuelo__930__0.jpg https://contribua.org/bairros/oeste/liberdade/Rua_Espirito_Santo__1288__0.jpg"""
18335+2015-05-14T17:42:47.316130+517+45754+585++2015-05-14T17:42:47.316164+++"""Qual local lhe parece mais seguro? Right https://contribua.org/bairros/oeste/liberdade/Rua_Severino_Pimentel__511_90.jpg https://contribua.org/bairros/oeste/liberdade/Rua_Riachuelo__455__180.jpg"""
18348+2015-05-14T17:43:25.375638+517+45717+599++2015-05-14T17:43:25.375671+++"""Qual local lhe parece mais seguro? NotKnown https://contribua.org/bairros/norte/centro/Rua_Coronel_Salvino_Figueiredo__251_270.jpg https://contribua.org/bairros/oeste/liberdade/Rua_Riachuelo__455__180.jpg"""
18355+2015-05-14T17:43:38.972045+517+45733+599++2015-05-14T17:43:38.972080+++"""Qual local lhe parece mais agrad%C3%A1vel? Left https://contribua.org/bairros/oeste/catole/Rua_Otacilio_Nepomuceno__76_0.jpg https://contribua.org/bairros/oeste/liberdade/Rua_Odon_Bezerra__147_90.jpg"""
18370+2015-05-14T17:44:15.350535+517+45750+599++2015-05-14T17:44:15.350572+++"""Qual local lhe parece mais agrad%C3%A1vel? Left https://contribua.org/bairros/oeste/liberdade/Rua_Odon_Bezerra__388__90.jpg https://contribua.org/bairros/oeste/liberdade/Rua_Edesio_Silva__602__180.jpg"""
18455+2015-05-14T17:48:24.795906+517+45809+746++2015-05-14T17:48:24.795937+++"""Qual local lhe parece mais seguro? Right https://contribua.org/bairros/norte/centro/Rua_Augusto_Severo__71_0.jpg https://contribua.org/bairros/norte/centro/Avenida_Dom_Pedro_II__119_270.jpg"""
18367+2015-05-14T17:44:06.034905+517+45783+599++2015-05-14T17:44:06.035003+++"""Qual local lhe parece mais seguro? Left https://contribua.org/bairros/norte/centro/Avenida_Dom_Pedro_II__119_270.jpg https://contribua.org/bairros/norte/centro/Rua_Elias_Aforas__202_180.jpg"""
18446+2015-05-14T17:47:47.765510+517+45724+746++2015-05-14T17:47:47.765543+++"""Qual local lhe parece mais agrad%C3%A1vel? Right https://contribua.org/bairros/oeste/liberdade/Rua_Sergipe__1337_90.jpg https://contribua.org/bairros/oeste/liberdade/Rua_Riachuelo__930__180.jpg"""
18493+2015-05-14T18:18:35.481257+517+45791+747++2015-05-14T18:18:35.481291+++"""Qual local lhe parece mais seguro? Right https://contribua.org/bairros/oeste/catole/Rua_Doutor_Antonio_Telha__68__270.jpg https://contribua.org/bairros/norte/centro/Avenida_Presidente_Getulio_Vargas__395__90.jpg"""
18532+2015-05-14T22:05:28.111045+517+45727+748++2015-05-14T22:05:28.111062+++"""Qual local lhe parece mais agrad%C3%A1vel? Right https://contribua.org/bairros/oeste/liberdade/Rua_Padre_Pedro_Serrao__207__90.jpg https://contribua.org/bairros/oeste/liberdade/Rua_Odon_Bezerra__306_270.jpg"""
18540+2015-05-14T22:06:08.579670+517+45807+748++2015-05-14T22:06:08.579691+++"""Qual local lhe parece mais seguro? Left https://contribua.org/bairros/oeste/catole/Rua_Olegario_Mariano__139_270.jpg https://contribua.org/bairros/norte/centro/Avenida_Presidente_Getulio_Vargas__395__90.jpg"""
18381+2015-05-14T17:44:55.728701+517+45716+746++2015-05-14T17:44:55.728735+++"""Qual local lhe parece mais agrad%C3%A1vel? Right https://contribua.org/bairros/oeste/liberdade/Rua_Santa_Catarina__1231__0.jpg https://contribua.org/bairros/oeste/liberdade/Rua_Riachuelo__930__180.jpg"""
18386+2015-05-14T17:45:02.071451+517+45704+599++2015-05-14T17:45:02.071485+++"""Qual local lhe parece mais seguro? Right https://contribua.org/bairros/norte/centro/Avenida_Dom_Pedro_II__500_270.jpg https://contribua.org/bairros/norte/centro/Avenida_Barao_Rio_Branco__141_90.jpg"""
18404+2015-05-14T17:45:26.329429+517+45665+585++2015-05-14T17:45:26.329463+++"""Qual local lhe parece mais agrad%C3%A1vel? NotKnown https://contribua.org/bairros/oeste/liberdade/Rua_Riachuelo__455__0.jpg https://contribua.org/bairros/oeste/liberdade/Avenida_Assis_Chateaubriand__1334__180.jpg"""
18416+2015-05-14T17:46:01.424172+517+45790+746++2015-05-14T17:46:01.424210+++"""Qual local lhe parece mais agrad%C3%A1vel? Left https://contribua.org/bairros/oeste/liberdade/Rua_Severino_Pimentel__511_90.jpg https://contribua.org/bairros/oeste/liberdade/Rua_Padre_Pedro_Serrao__336__90.jpg"""
18451+2015-05-14T17:48:10.805761+517+45761+746++2015-05-14T17:48:10.805800+++"""Qual local lhe parece mais agrad%C3%A1vel? NotKnown https://contribua.org/bairros/oeste/liberdade/Rua_Padre_Pedro_Serrao__207__270.jpg https://contribua.org/bairros/oeste/liberdade/Rua_Padre_Pedro_Serrao__353__270.jpg"""
18391+2015-05-14T17:45:10.122864+517+45725+599++2015-05-14T17:45:10.122881+++"""Qual local lhe parece mais agrad%C3%A1vel? Right https://contribua.org/bairros/oeste/liberdade/Rua_Severino_Pimentel__321__0.jpg https://contribua.org/bairros/oeste/liberdade/Avenida_Assis_Chateaubriand__1334__180.jpg"""
18435+2015-05-14T17:47:01.319177+517+45747+746++2015-05-14T17:47:01.319211+++"""Qual local lhe parece mais seguro? Right https://contribua.org/bairros/oeste/catole/Rua_Olegario_Mariano__139_270.jpg https://contribua.org/bairros/norte/centro/Rua_Elias_Aforas__202_180.jpg"""
18437+2015-05-14T17:47:06.036780+517+45759+746++2015-05-14T17:47:06.036816+++"""Qual local lhe parece mais seguro? Left https://contribua.org/bairros/oeste/liberdade/Rua_Severino_Pimentel__511_270.jpg https://contribua.org/bairros/norte/centro/Rua_Elias_Aforas__202_180.jpg"""
18448+2015-05-14T17:48:01.251470+517+45591+746++2015-05-14T17:48:01.251503+++"""Qual local lhe parece mais agrad%C3%A1vel? Right https://contribua.org/bairros/oeste/liberdade/Rua_Acre__635_90.jpg https://contribua.org/bairros/oeste/liberdade/Rua_Odon_Bezerra__306_90.jpg"""
18460+2015-05-14T17:49:29.729062+517+45802+585++2015-05-14T17:49:29.729095+++"""Qual local lhe parece mais seguro? Right https://contribua.org/bairros/oeste/liberdade/Rua_Acre__635_90.jpg https://contribua.org/bairros/norte/centro/Avenida_Barao_Rio_Branco__141_90.jpg"""
18456+2015-05-14T17:48:29.978726+517+45802+746++2015-05-14T17:48:29.978765+++"""Qual local lhe parece mais seguro? NotKnown https://contribua.org/bairros/oeste/liberdade/Rua_Acre__635_90.jpg https://contribua.org/bairros/norte/centro/Avenida_Barao_Rio_Branco__141_90.jpg"""
18475+2015-05-14T17:57:41.090474+517+45617+599++2015-05-14T17:57:41.090508+++"""Qual local lhe parece mais agrad%C3%A1vel? Left https://contribua.org/bairros/oeste/liberdade/Rua_Riachuelo__930__180.jpg https://contribua.org/bairros/oeste/catole/Rua_Inacio_Marques_da_Silva__434_90.jpg"""
18562+2015-05-15T00:44:10.851726+517+45838+749++2015-05-15T00:44:10.851766+++"""{age=23|sex=Feminino|class=M\u00e9dia (R$ 2.900 a R$ 7.249,99)|educ=Gradua\u00e7\u00e3o|city=Campina Grande - PB, Brasil|time=5|rel=Solteiro|neig=cen} Qual local lhe parece mais seguro? Right https://contribua.org/bairros/oeste/liberdade/Rua_Padre_Pedro_Serrao__353__270.jpg https://contribua.org/bairros/norte/centro/Avenida_Presidente_Getulio_Vargas__395__90.jpg"""
18584+2015-05-15T00:48:23.140539+517+45760+749++2015-05-15T00:48:23.140574+++"""Qual local lhe parece mais seguro? Left https://contribua.org/bairros/norte/centro/Rua_Doutor_Severino_Cruz__411__270.jpg https://contribua.org/bairros/oeste/liberdade/Rua_Riachuelo__455__180.jpg"""
18477+2015-05-14T18:14:51.264971+517+45780+747++2015-05-14T18:14:51.265003+++"""Qual local lhe parece mais agrad%C3%A1vel? Left https://contribua.org/bairros/oeste/liberdade/Rua_Severino_Pimentel__439__0.jpg https://contribua.org/bairros/oeste/liberdade/Avenida_Assis_Chateaubriand__1334__180.jpg"""
18478+2015-05-14T18:14:57.462874+517+45831+747++2015-05-14T18:14:57.462960+++"""Qual local lhe parece mais agrad%C3%A1vel? Left https://contribua.org/bairros/oeste/liberdade/Rua_Severino_Pimentel__321__0.jpg https://contribua.org/bairros/oeste/liberdade/Rua_Riachuelo__455__0.jpg"""
18495+2015-05-14T18:18:48.262880+517+45812+747++2015-05-14T18:18:48.262965+++"""Qual local lhe parece mais agrad%C3%A1vel? Left https://contribua.org/bairros/oeste/liberdade/Rua_Severino_Pimentel__321__180.jpg https://contribua.org/bairros/oeste/liberdade/Rua_Odon_Bezerra__388__270.jpg"""
18523+2015-05-14T22:02:07.159994+517+45837+748++2015-05-14T22:02:07.160011+++"""Qual local lhe parece mais agrad%C3%A1vel? NotKnown https://contribua.org/bairros/oeste/liberdade/Rua_Padre_Pedro_Serrao__353__90.jpg https://contribua.org/bairros/oeste/liberdade/Rua_Padre_Pedro_Serrao__353__270.jpg"""
18524+2015-05-14T22:02:15.669517+517+45820+748++2015-05-14T22:02:15.669534+++"""Qual local lhe parece mais seguro? Left https://contribua.org/bairros/oeste/liberdade/Rua_Padre_Pedro_Serrao__207__90.jpg https://contribua.org/bairros/norte/centro/Rua_Elias_Aforas__202_180.jpg"""
18500+2015-05-14T18:19:31.471953+517+45652+747++2015-05-14T18:19:31.471988+++"""Qual local lhe parece mais seguro? Right https://contribua.org/bairros/oeste/liberdade/Rua_Severino_Pimentel__439__0.jpg https://contribua.org/bairros/norte/centro/Avenida_Barao_Rio_Branco__141_90.jpg"""
18556+2015-05-15T00:42:08.260534+517+45809+749++2015-05-15T00:42:08.260567+++"""Qual local lhe parece mais seguro? Right https://contribua.org/bairros/norte/centro/Rua_Augusto_Severo__71_0.jpg https://contribua.org/bairros/norte/centro/Avenida_Dom_Pedro_II__119_270.jpg"""
18561+2015-05-15T00:42:53.951232+517+45839+749++2015-05-15T00:42:53.951265+++"""Qual local lhe parece mais seguro? Right https://contribua.org/bairros/norte/centro/Rua_Manoel_P._de_Araujo__370_180.jpg https://contribua.org/bairros/norte/centro/Avenida_Presidente_Getulio_Vargas__395__90.jpg"""
18509+2015-05-14T18:21:07.964164+517+45790+747++2015-05-14T18:21:07.964197+++"""Qual local lhe parece mais agrad%C3%A1vel? Right https://contribua.org/bairros/oeste/liberdade/Rua_Severino_Pimentel__511_90.jpg https://contribua.org/bairros/oeste/liberdade/Rua_Padre_Pedro_Serrao__336__90.jpg"""
18536+2015-05-14T22:05:46.322638+517+45818+748++2015-05-14T22:05:46.322659+++"""Qual local lhe parece mais agrad%C3%A1vel? Left https://contribua.org/bairros/oeste/liberdade/Rua_Riachuelo__847__0.jpg https://contribua.org/bairros/oeste/liberdade/Rua_Odon_Bezerra__306_90.jpg"""
18554+2015-05-15T00:41:12.376006+517+45826+749++2015-05-15T00:41:12.376041+++"""Qual local lhe parece mais agrad%C3%A1vel? Left https://contribua.org/bairros/oeste/liberdade/Rua_Severino_Pimentel__321__0.jpg https://contribua.org/bairros/oeste/catole/Rua_Inacio_Marques_da_Silva__434_90.jpg"""
18559+2015-05-15T00:42:37.051981+517+45836+749++2015-05-15T00:42:37.052021+++"""Qual local lhe parece mais agrad%C3%A1vel? Left https://contribua.org/bairros/oeste/liberdade/Rua_Padre_Pedro_Serrao__207__270.jpg https://contribua.org/bairros/oeste/liberdade/Rua_Riachuelo__455__0.jpg"""
18576+2015-05-15T00:47:07.045022+517+45721+749++2015-05-15T00:47:07.045055+++"""Qual local lhe parece mais seguro? Right https://contribua.org/bairros/oeste/catole/Rua_Otacilio_Nepomuceno__76_90.jpg https://contribua.org/bairros/norte/centro/Avenida_Dom_Pedro_II__119_270.jpg"""
18578+2015-05-15T00:47:15.382759+517+45784+749++2015-05-15T00:47:15.382793+++"""Qual local lhe parece mais agrad%C3%A1vel? Left https://contribua.org/bairros/oeste/liberdade/Rua_Riachuelo__847__0.jpg https://contribua.org/bairros/oeste/liberdade/Rua_Padre_Pedro_Serrao__353__90.jpg"""
18585+2015-05-15T00:48:28.400938+517+45799+749++2015-05-15T00:48:28.400976+++"""Qual local lhe parece mais seguro? Left https://contribua.org/bairros/oeste/liberdade/Rua_Riachuelo__847__180.jpg https://contribua.org/bairros/norte/centro/Avenida_Presidente_Getulio_Vargas__395__270.jpg"""
18589+2015-05-15T00:48:44.328040+517+45707+749++2015-05-15T00:48:44.328076+++"""Qual local lhe parece mais agrad%C3%A1vel? Left https://contribua.org/bairros/oeste/liberdade/Rua_Padre_Pedro_Serrao__336__270.jpg https://contribua.org/bairros/oeste/liberdade/Avenida_Assis_Chateaubriand__1334__180.jpg"""
18553+2015-05-15T00:40:57.674481+517+45709+749++2015-05-15T00:40:57.674515+++"""Qual local lhe parece mais agrad%C3%A1vel? Left https://contribua.org/bairros/oeste/liberdade/Rua_Severino_Pimentel__511_270.jpg https://contribua.org/bairros/oeste/liberdade/Rua_Padre_Pedro_Serrao__353__90.jpg"""
18567+2015-05-15T00:44:54.370798+517+45813+749++2015-05-15T00:44:54.370832+++"""Qual local lhe parece mais agrad%C3%A1vel? Right https://contribua.org/bairros/oeste/catole/Rua_Sebastiao_Vieira_da_Silva__1273__180.jpg https://contribua.org/bairros/oeste/liberdade/Rua_Odon_Bezerra__147_90.jpg"""
18607+2015-05-24T23:48:02.930513+517+45618+670++2015-05-24T23:48:02.930547+++"""Qual local lhe parece mais agrad%C3%A1vel? Left https://contribua.org/bairros/oeste/liberdade/Rua_Odon_Bezerra__306_90.jpg https://contribua.org/bairros/oeste/liberdade/Rua_Padre_Pedro_Serrao__207__270.jpg"""
18610+2015-05-24T23:56:20.387355+517+45835+670++2015-05-24T23:56:20.387389+++"""Qual local lhe parece mais agrad%C3%A1vel? Right https://contribua.org/bairros/oeste/liberdade/Rua_Odon_Bezerra__388__270.jpg https://contribua.org/bairros/oeste/liberdade/Rua_Odon_Bezerra__147_90.jpg"""
18619+2015-05-24T23:58:36.472411+517+45818+670++2015-05-24T23:58:36.472443+++"""Qual local lhe parece mais agrad%C3%A1vel? Right https://contribua.org/bairros/oeste/liberdade/Rua_Riachuelo__847__0.jpg https://contribua.org/bairros/oeste/liberdade/Rua_Odon_Bezerra__306_90.jpg"""
18689+2015-07-15T13:14:16.482334+517+45179+751++2015-07-15T13:14:16.482372+++"""Qual local lhe parece mais seguro? NotKnown https://contribua.org/bairros/oeste/liberdade/Rua_Acre__635_90.jpg https://contribua.org/bairros/norte/centro/Avenida_Presidente_Joao_Pessoa__128__90.jpg"""
19149+2015-07-29T17:51:05.089555+517+45589+752++2015-07-29T17:51:05.089588+++"""Qual local lhe parece mais agrad%C3%A1vel? Right https://contribua.org/bairros/oeste/liberdade/Rua_Riachuelo__930__180.jpg https://contribua.org/bairros/oeste/liberdade/Rua_Padre_Pedro_Serrao__207__270.jpg"""
19150+2015-07-29T17:52:35.027974+517+45608+752++2015-07-29T17:52:35.028007+++"""Qual local lhe parece mais seguro? Left https://contribua.org/bairros/oeste/catole/Rua_Olegario_Mariano__139_90.jpg https://contribua.org/bairros/norte/centro/Avenida_Dom_Pedro_II__119_270.jpg"""
19142+2015-07-29T17:49:59.584385+517+45536+752++2015-07-29T17:49:59.584419+++"""Qual local lhe parece mais agrad%C3%A1vel? Left https://contribua.org/bairros/oeste/liberdade/Rua_Santa_Catarina__1231__0.jpg https://contribua.org/bairros/oeste/liberdade/Rua_Odon_Bezerra__147_90.jpg"""
19191+2015-07-30T00:48:54.845606+517+45372+754++2015-07-30T00:48:54.845639+++"""Qual local lhe parece mais agrad%C3%A1vel? NotKnown https://contribua.org/bairros/oeste/liberdade/Rua_Riachuelo__847__180.jpg https://contribua.org/bairros/oeste/liberdade/Rua_Acre__635_270.jpg"""
19155+2015-07-29T17:52:59.970571+517+45661+752++2015-07-29T17:52:59.970605+++"""Qual local lhe parece mais seguro? Right https://contribua.org/bairros/oeste/liberdade/Rua_Odon_Bezerra__147_270.jpg https://contribua.org/bairros/norte/centro/Avenida_Barao_Rio_Branco__141_90.jpg"""
19162+2015-07-29T17:54:03.619380+517+45117+752++2015-07-29T17:54:03.619414+++"""Qual local lhe parece mais agrad%C3%A1vel? Right https://contribua.org/bairros/oeste/liberdade/Rua_Riachuelo__455__0.jpg https://contribua.org/bairros/oeste/catole/Rua_Olegario_Mariano__139_90.jpg"""
19200+2015-07-30T00:50:07.698357+517+45602+754++2015-07-30T00:50:07.698390+++"""Qual local lhe parece mais agrad%C3%A1vel? Right https://contribua.org/bairros/oeste/liberdade/Rua_Severino_Pimentel__321__0.jpg https://contribua.org/bairros/oeste/liberdade/Rua_Riachuelo__930__0.jpg"""
N19616+2015-11-08T20:16:46.835763+556+61832+516++2015-11-08T20:16:46.835797+++"{"question": "seguro", "theLess": "https://contribua.org/bairros/norte/centro/Avenida_Dom_Pedro_II__119_90.jpg", "theMost": "https://contribua.org/bairros/oeste/catole/Rua_Vigario_Calixto__1201_0.jpg"}"
N19619+2015-11-08T20:17:20.267828+556+61586+516++2015-11-08T20:17:20.267862+++"{"question": "seguro", "theLess": "https://contribua.org/bairros/oeste/liberdade/Rua_Santa_Catarina__1231__180.jpg", "theMost": "https://contribua.org/bairros/norte/centro/Rua_Doutor_Severino_Cruz__411__270.jpg"}"
N19625+2015-11-10T20:35:22.582892+556+61919+516++2015-11-10T20:35:22.582924+++"{"question": "agradavel", "theLess": "https://contribua.org/bairros/norte/centro/Rua_Manoel_P._de_Araujo__370_180.jpg", "theMost": "https://contribua.org/bairros/oeste/catole/Rua_Sebastiao_Vieira_da_Silva__1273__0.jpg"}"
N19627+2015-11-12T13:47:50.239319+556+61270+697++2015-11-12T13:47:50.239354+++"{"question": "seguro", "theLess": "https://contribua.org/bairros/oeste/catole/Rua_Sebastiao_Vieira_da_Silva__1273__180.jpg", "theMost": "https://contribua.org/bairros/norte/centro/Avenida_Barao_Rio_Branco__141_270.jpg"}"
N19631+2015-11-12T13:48:34.280210+556+61834+697++2015-11-12T13:48:34.280250+++"{"question": "seguro", "theLess": "https://contribua.org/bairros/oeste/liberdade/Rua_Padre_Pedro_Serrao__207__270.jpg", "theMost": "https://contribua.org/bairros/oeste/catole/Rua_Joao_Francisco_Mota__64__90.jpg"}"
N19634+2015-11-12T13:49:10.534692+556+61858+697++2015-11-12T13:49:10.534723+++"{"question": "seguro", "theLess": "https://contribua.org/bairros/oeste/liberdade/Rua_Santa_Catarina__1231__0.jpg", "theMost": "https://contribua.org/bairros/oeste/liberdade/Rua_Sergipe__1337_0.jpg"}"
N19638+2015-11-12T13:49:58.469136+556+61817+697++2015-11-12T13:49:58.469171+++"{"question": "agradavel", "theLess": "https://contribua.org/bairros/oeste/liberdade/Rua_Severino_Pimentel__511_90.jpg", "theMost": "https://contribua.org/bairros/oeste/catole/Rua_Joao_Francisco_Mota__64__90.jpg"}"
N19642+2015-11-17T23:41:19.459093+556+61710+774++2015-11-17T23:41:19.459128+++"{"question": "seguro", "theLess": "https://contribua.org/bairros/oeste/liberdade/Rua_Sergipe__1337_0.jpg", "theMost": "https://contribua.org/bairros/norte/centro/Rua_Quebra_Quilos__399__90.jpg"}"
N19648+2015-11-18T00:00:24.140872+556+61930+777++2015-11-18T00:00:24.140891+++"{"question": "seguro", "theLess": "https://contribua.org/bairros/oeste/liberdade/Rua_Padre_Pedro_Serrao__336__270.jpg", "theMost": "https://contribua.org/bairros/oeste/liberdade/Rua_Severino_Pimentel__321__180.jpg"}"
N19651+2015-11-18T00:05:27.044064+556+61764+778++2015-11-18T00:05:27.044082+++"{"question": "seguro", "theLess": "https://contribua.org/bairros/norte/centro/Rua_Coronel_Salvino_Figueiredo__251_90.jpg", "theMost": "https://contribua.org/bairros/oeste/liberdade/Rua_Padre_Pedro_Serrao__336__90.jpg"}"
N19658+2015-11-18T00:20:04.957157+556+61904+779++2015-11-18T00:20:04.957175+++"{"question": "seguro", "theLess": "https://contribua.org/bairros/norte/centro/Avenida_Dom_Pedro_II__119_90.jpg", "theMost": "https://contribua.org/bairros/norte/centro/Avenida_Barao_Rio_Branco__141_270.jpg"}"
N19678+2015-11-18T00:43:38.020460+556+61547+783++2015-11-18T00:43:38.020478+++"{"question": "agradavel", "theLess": "https://contribua.org/bairros/norte/centro/Rua_Pedro_Alvares_Cabral__129_180.jpg", "theMost": "https://contribua.org/bairros/oeste/catole/Rua_Olegario_Mariano__139_270.jpg"}"
N19680+2015-11-18T00:44:03.824316+556+61668+783++2015-11-18T00:44:03.824334+++"{"question": "seguro", "theLess": "https://contribua.org/bairros/norte/centro/Rua_Pedro_Alvares_Cabral__129_90.jpg", "theMost": "https://contribua.org/bairros/norte/centro/Rua_Doutor_Severino_Cruz__411__90.jpg"}"
N19698+2015-11-18T00:50:43.734258+556+61813+783++2015-11-18T00:50:43.734292+++"{"question": "agradavel", "theLess": "https://contribua.org/bairros/norte/centro/Rua_Elias_Aforas__202_180.jpg", "theMost": "https://contribua.org/bairros/oeste/catole/Rua_Doutor_Antonio_Telha_-_Catole__Campina_Grande__90.jpg"}"
N19700+2015-11-18T00:51:20.441133+556+61770+783++2015-11-18T00:51:20.441151+++"{"question": "seguro", "theLess": "https://contribua.org/bairros/norte/centro/Rua_Coronel_Salvino_Figueiredo__251_90.jpg", "theMost": "https://contribua.org/bairros/norte/centro/Rua_Pedro_Alvares_Cabral__129_180.jpg"}"
N19702+2015-11-18T00:52:00.358690+556+61823+783++2015-11-18T00:52:00.358724+++"{"question": "agradavel", "theLess": "https://contribua.org/bairros/oeste/catole/Rua_Doutor_Antonio_Telha__68__270.jpg", "theMost": "https://contribua.org/bairros/oeste/catole/Rua_Cristina_Procopio_da_Silva__62__90.jpg"}"
N19707+2015-11-18T00:53:21.809397+556+61756+784++2015-11-18T00:53:21.809413+++"{"question": "seguro", "theLess": "https://contribua.org/bairros/oeste/catole/Rua_Sebastiao_Vieira_da_Silva__1273__180.jpg", "theMost": "https://contribua.org/bairros/oeste/catole/Avenida_Prefeito_Severino_Bezerra_Cabral__218_90.jpg"}"
N19710+2015-11-18T00:53:58.749080+556+61710+784++2015-11-18T00:53:58.749115+++"{"question": "seguro", "theLess": "https://contribua.org/bairros/oeste/liberdade/Rua_Sergipe__1337_0.jpg", "theMost": "https://contribua.org/bairros/norte/centro/Rua_Felix_Araujo__48__90.jpg"}"
N19670+2015-11-18T00:27:21.394944+556+61588+780++2015-11-18T00:27:21.394978+++"{"userProfile": {"city": "", "age": "", "sex": "", "rel": "", "educ": "", "neig": [], "clas": ""}, "question": "seguro", "theLess": "https://contribua.org/bairros/norte/centro/Rua_Capitao_Joao_de_Sa__45__180.jpg", "theMost": "https://contribua.org/bairros/oeste/catole/Avenida_Prefeito_Severino_Bezerra_Cabral__218_0.jpg"}"
N19675+2015-11-18T00:42:48.615060+556+61319+783++2015-11-18T00:42:48.615080+++"{"question": "agradavel", "theLess": "https://contribua.org/bairros/norte/centro/Rua_Manoel_P._de_Araujo__150_90.jpg", "theMost": "https://contribua.org/bairros/oeste/liberdade/Rua_Severino_Pimentel__439__180.jpg"}"
N19682+2015-11-18T00:44:32.208210+556+61598+783++2015-11-18T00:44:32.208228+++"{"question": "seguro", "theLess": "https://contribua.org/bairros/oeste/liberdade/Rua_Riachuelo__930__180.jpg", "theMost": "https://contribua.org/bairros/norte/centro/Avenida_Presidente_Getulio_Vargas__395__90.jpg"}"
N19686+2015-11-18T00:45:38.247957+556+61777+783++2015-11-18T00:45:38.247993+++"{"question": "agradavel", "theLess": "https://contribua.org/bairros/oeste/catole/Rua_Doutor_Antonio_Telha__68__90.jpg", "theMost": "https://contribua.org/bairros/oeste/catole/Rua_Vigario_Calixto__1201_0.jpg"}"
N19687+2015-11-18T00:45:59.802094+556+61849+783++2015-11-18T00:45:59.802113+++"{"question": "agradavel", "theLess": "https://contribua.org/bairros/oeste/liberdade/Rua_Severino_Pimentel__321__0.jpg", "theMost": "https://contribua.org/bairros/oeste/catole/Rua_Olegario_Mariano__139_180.jpg"}"
N19694+2015-11-18T00:49:11.176852+556+61356+783++2015-11-18T00:49:11.176870+++"{"question": "seguro", "theLess": "https://contribua.org/bairros/norte/centro/Rua_Augusto_Severo__71_90.jpg", "theMost": "https://contribua.org/bairros/norte/centro/Rua_Manoel_P._de_Araujo__370_0.jpg"}"
N19703+2015-11-18T00:52:03.095439+556+61577+784++2015-11-18T00:52:03.095473+++"{"question": "agradavel", "theLess": "https://contribua.org/bairros/norte/centro/Rua_Elias_Aforas__67__180.jpg", "theMost": "https://contribua.org/bairros/oeste/catole/Rua_Inacio_Marques_da_Silva__434_270.jpg"}"
N19712+2015-11-18T00:54:31.050850+556+61563+784++2015-11-18T00:54:31.050889+++"{"question": "agradavel", "theLess": "https://contribua.org/bairros/norte/centro/Rua_Elias_Aforas__202_180.jpg", "theMost": "https://contribua.org/bairros/oeste/catole/Rua_Otacilio_Nepomuceno__76_0.jpg"}"
N19745+2015-11-18T01:29:05.039795+556+61674+786++2015-11-18T01:29:05.039812+++"{"question": "seguro", "theLess": "https://contribua.org/bairros/norte/centro/Avenida_Presidente_Getulio_Vargas__210__0.jpg", "theMost": "https://contribua.org/bairros/norte/centro/Avenida_Dom_Pedro_II__500_90.jpg"}"
N19711+2015-11-18T00:54:11.936055+556+61931+784++2015-11-18T00:54:11.936091+++"{"question": "agradavel", "theLess": "https://contribua.org/bairros/oeste/liberdade/Rua_Padre_Pedro_Serrao__336__270.jpg", "theMost": "https://contribua.org/bairros/oeste/catole/Rua_Otacilio_Nepomuceno__76_0.jpg"}"
N19715+2015-11-18T01:07:42.558378+556+61689+785++2015-11-18T01:07:42.558415+++"{"question": "agradavel", "theLess": "https://contribua.org/bairros/norte/centro/Rua_Felix_Araujo__48__270.jpg", "theMost": "https://contribua.org/bairros/oeste/liberdade/Rua_Riachuelo__847__180.jpg"}"
N19753+2015-11-18T01:42:45.414013+556+61753+787++2015-11-18T01:42:45.414051+++"{"question": "agradavel", "theLess": "https://contribua.org/bairros/oeste/liberdade/Rua_Odon_Bezerra__388__270.jpg", "theMost": "https://contribua.org/bairros/oeste/catole/Rua_Joao_Francisco_Mota__64__90.jpg"}"
N19754+2015-11-18T01:43:04.360956+556+61361+787++2015-11-18T01:43:04.360995+++"{"question": "agradavel", "theLess": "https://contribua.org/bairros/oeste/liberdade/Rua_Edesio_Silva__602__180.jpg", "theMost": "https://contribua.org/bairros/oeste/liberdade/Rua_Edesio_Silva__602__0.jpg"}"
N19755+2015-11-18T01:43:56.926317+556+61329+787++2015-11-18T01:43:56.926353+++"{"question": "agradavel", "theLess": "https://contribua.org/bairros/oeste/liberdade/Rua_Odon_Bezerra__147_270.jpg", "theMost": "https://contribua.org/bairros/oeste/liberdade/Rua_Riachuelo__930__0.jpg"}"
N19758+2015-11-18T01:44:38.821723+556+61340+787++2015-11-18T01:44:38.821756+++"{"question": "seguro", "theLess": "https://contribua.org/bairros/oeste/liberdade/Rua_Odon_Bezerra__306_90.jpg", "theMost": "https://contribua.org/bairros/oeste/catole/Rua_Cristina_Procopio_da_Silva__62__90.jpg"}"
N19770+2015-11-18T01:46:28.835115+556+61749+787++2015-11-18T01:46:28.835152+++"{"question": "agradavel", "theLess": "https://contribua.org/bairros/oeste/liberdade/Rua_Odon_Bezerra__388__270.jpg", "theMost": "https://contribua.org/bairros/norte/centro/Rua_Quebra_Quilos__399__90.jpg"}"
N19773+2015-11-18T01:52:49.625121+556+61927+788++2015-11-18T01:52:49.625157+++"{"userProfile": {"city": "Campina Grande - PB, Brasil", "age": 22, "sex": "M", "rel": "solteiro", "educ": "ensino medio", "neig": ["cen", "cat"], "clas": "media"}, "question": "agradavel", "theLess": "https://contribua.org/bairros/oeste/liberdade/Rua_Riachuelo__930__0.jpg", "theMost": "https://contribua.org/bairros/norte/centro/Avenida_Dom_Pedro_II__500_90.jpg"}"
N19806+2015-11-18T03:09:18.370209+556+61328+794++2015-11-18T03:09:18.370244+++"{"question": "seguro", "theLess": "https://contribua.org/bairros/norte/centro/Rua_Elias_Aforas__202_0.jpg", "theMost": "https://contribua.org/bairros/norte/centro/Rua_Manoel_P._de_Araujo__150_90.jpg"}"
N19815+2015-11-18T03:16:14.806927+556+61446+797++2015-11-18T03:16:14.806963+++"{"question": "seguro", "theLess": "https://contribua.org/bairros/oeste/catole/Rua_Inacio_Marques_da_Silva__434_90.jpg", "theMost": "https://contribua.org/bairros/oeste/catole/Avenida_Prefeito_Severino_Bezerra_Cabral__218_90.jpg"}"
N19829+2015-11-18T03:26:31.976712+556+61581+799++2015-11-18T03:26:31.976749+++"{"userProfile": {"city": "", "age": 31, "sex": "M", "neig": ["cen", "lib", "cat"], "rel": "solteiro", "educ": "graduacao", "clas": "media"}, "question": "agradavel", "theLess": "https://contribua.org/bairros/norte/centro/Rua_Felix_Araujo__132__270.jpg", "theMost": "https://contribua.org/bairros/oeste/catole/Avenida_Prefeito_Severino_Bezerra_Cabral__218_0.jpg"}"
N19835+2015-11-18T03:30:15.658378+556+61947+799++2015-11-18T03:30:15.658413+++"{"question": "agradavel", "theLess": "https://contribua.org/bairros/oeste/liberdade/Rua_Severino_Pimentel__321__0.jpg", "theMost": "https://contribua.org/bairros/oeste/catole/Rua_Olegario_Mariano__139_270.jpg"}"
N19789+2015-11-18T02:54:33.445216+556+61320+791++2015-11-18T02:54:33.445250+++"{"question": "seguro", "theLess": "https://contribua.org/bairros/oeste/liberdade/Rua_Severino_Pimentel__439__180.jpg", "theMost": "https://contribua.org/bairros/norte/centro/Rua_Manoel_P._de_Araujo__150_90.jpg"}"
N19805+2015-11-18T02:59:13.324219+556+61731+792++2015-11-18T02:59:13.324267+++"{"question": "agradavel", "theLess": "https://contribua.org/bairros/oeste/liberdade/Rua_Sergipe__1337_90.jpg", "theMost": "https://contribua.org/bairros/oeste/liberdade/Rua_Riachuelo__847__0.jpg"}"
N19817+2015-11-18T03:17:25.095445+556+61816+797++2015-11-18T03:17:25.095479+++"{"question": "seguro", "theLess": "https://contribua.org/bairros/norte/centro/Avenida_Presidente_Getulio_Vargas__271__90.jpg", "theMost": "https://contribua.org/bairros/oeste/catole/Rua_Olegario_Mariano__139_270.jpg"}"
N19847+2015-11-18T03:40:02.282641+556+61273+803++2015-11-18T03:40:02.282680+++"{"question": "agradavel", "theLess": "https://contribua.org/bairros/oeste/liberdade/Rua_Padre_Pedro_Serrao__207__270.jpg", "theMost": "https://contribua.org/bairros/norte/centro/Avenida_Presidente_Joao_Pessoa__128__90.jpg"}"
N19910+2015-11-18T11:28:01.149342+556+61854+815++2015-11-18T11:28:01.149389+++"{"question": "seguro", "theLess": "https://contribua.org/bairros/oeste/liberdade/Rua_Severino_Pimentel__511_90.jpg", "theMost": "https://contribua.org/bairros/oeste/catole/Rua_Luisa_Bezerra_Mota__246_270.jpg"}"
N19792+2015-11-18T02:55:10.275571+556+61316+792++2015-11-18T02:55:10.275610+++"{"question": "seguro", "theLess": "https://contribua.org/bairros/oeste/liberdade/Rua_Edesio_Silva__602__180.jpg", "theMost": "https://contribua.org/bairros/oeste/catole/Rua_Otacilio_Nepomuceno__76_90.jpg"}"
N19813+2015-11-18T03:11:46.667360+556+61493+794++2015-11-18T03:11:46.667396+++"{"question": "agradavel", "theLess": "https://contribua.org/bairros/oeste/liberdade/Rua_Sergipe__1337_0.jpg", "theMost": "https://contribua.org/bairros/oeste/catole/Rua_Olegario_Mariano__139_180.jpg"}"
N19853+2015-11-18T03:53:20.079282+556+61778+806++2015-11-18T03:53:20.079318+++"{"question": "seguro", "theLess": "https://contribua.org/bairros/oeste/liberdade/Rua_Severino_Pimentel__511_90.jpg", "theMost": "https://contribua.org/bairros/norte/centro/Rua_Capitao_Joao_de_Sa__45__180.jpg"}"
N19879+2015-11-18T11:22:40.286805+556+61528+814++2015-11-18T11:22:40.286840+++"{"userProfile": {"city": "Campina Grande - PB, Brasil", "age": 24, "sex": "M", "rel": "solteiro", "educ": "doutorado", "neig": ["cen"], "clas": "media"}, "question": "seguro", "theLess": "https://contribua.org/bairros/norte/centro/Rua_Manoel_P._de_Araujo__150_270.jpg", "theMost": "https://contribua.org/bairros/norte/centro/Rua_Felix_Araujo__48__270.jpg"}"
N19905+2015-11-18T11:27:29.017232+556+61737+784++2015-11-18T11:27:29.017265+++"{"question": "agradavel", "theLess": "https://contribua.org/bairros/oeste/liberdade/Rua_Odon_Bezerra__388__90.jpg", "theMost": "https://contribua.org/bairros/oeste/catole/Rua_Luisa_Bezerra_Mota__246_90.jpg"}"
N19850+2015-11-18T03:52:39.251613+556+61800+806++2015-11-18T03:52:39.251651+++"{"userProfile": {"city": "Campina Grande", "age": 20, "sex": "M", "rel": "solteiro", "educ": "ensino medio", "neig": ["cen"], "clas": "baixa"}, "question": "seguro", "theLess": "https://contribua.org/bairros/oeste/liberdade/Rua_Severino_Pimentel__511_90.jpg", "theMost": "https://contribua.org/bairros/oeste/liberdade/Rua_Santa_Catarina__1231__0.jpg"}"
N19854+2015-11-18T03:59:19.433220+556+61708+807++2015-11-18T03:59:19.433260+++"{"question": "seguro", "theLess": "https://contribua.org/bairros/oeste/liberdade/Rua_Sergipe__1337_90.jpg", "theMost": "https://contribua.org/bairros/norte/centro/Rua_Felix_Araujo__48__90.jpg"}"
N19860+2015-11-18T05:06:14.149765+556+61375+808++2015-11-18T05:06:14.149803+++"{"question": "agradavel", "theLess": "https://contribua.org/bairros/oeste/liberdade/Rua_Espirito_Santo__1288__180.jpg", "theMost": "https://contribua.org/bairros/norte/centro/Rua_Elias_Aforas__67__180.jpg"}"
N19891+2015-11-18T11:24:45.346679+556+61419+815++2015-11-18T11:24:45.346712+++"{"question": "agradavel", "theLess": "https://contribua.org/bairros/oeste/catole/Rua_Inacio_Marques_da_Silva__434_270.jpg", "theMost": "https://contribua.org/bairros/norte/centro/Rua_Pedro_Alvares_Cabral__129_90.jpg"}"
N19898+2015-11-18T11:26:29.715336+556+61833+784++2015-11-18T11:26:29.715368+++"{"question": "agradavel", "theLess": "https://contribua.org/bairros/oeste/liberdade/Rua_Padre_Pedro_Serrao__207__270.jpg", "theMost": "https://contribua.org/bairros/oeste/catole/Rua_Honorio_de_Melo__240__270.jpg"}"
N19899+2015-11-18T11:26:43.629229+556+61379+815++2015-11-18T11:26:43.629265+++"{"question": "agradavel", "theLess": "https://contribua.org/bairros/norte/centro/Avenida_Presidente_Getulio_Vargas__210__0.jpg", "theMost": "https://contribua.org/bairros/oeste/liberdade/Rua_Odon_Bezerra__147_270.jpg"}"
N19908+2015-11-18T11:27:55.075587+556+61714+784++2015-11-18T11:27:55.075623+++"{"question": "seguro", "theLess": "https://contribua.org/bairros/oeste/catole/Rua_Joao_Francisco_Mota__64__270.jpg", "theMost": "https://contribua.org/bairros/oeste/liberdade/Rua_Severino_Pimentel__511_90.jpg"}"
N19918+2015-11-18T11:28:41.022151+556+61363+814++2015-11-18T11:28:41.022192+++"{"question": "agradavel", "theLess": "https://contribua.org/bairros/oeste/catole/Rua_Doutor_Antonio_Telha__68__270.jpg", "theMost": "https://contribua.org/bairros/oeste/catole/Rua_Doutor_Antonio_Telha__235_180.jpg"}"
N19913+2015-11-18T11:28:19.637824+556+61472+784++2015-11-18T11:28:19.637855+++"{"question": "seguro", "theLess": "https://contribua.org/bairros/norte/centro/Rua_Elias_Aforas__202_180.jpg", "theMost": "https://contribua.org/bairros/norte/centro/Avenida_Presidente_Getulio_Vargas__271__270.jpg"}"
N19935+2015-11-18T11:29:53.827532+556+61644+815++2015-11-18T11:29:53.827594+++"{"question": "seguro", "theLess": "https://contribua.org/bairros/oeste/liberdade/Rua_Severino_Pimentel__511_90.jpg", "theMost": "https://contribua.org/bairros/norte/centro/Rua_Felix_Araujo__132__270.jpg"}"
N19949+2015-11-18T11:43:38.075129+556+61540+817++2015-11-18T11:43:38.075164+++"{"question": "seguro", "theLess": "https://contribua.org/bairros/norte/centro/Rua_Elias_Aforas__67__180.jpg", "theMost": "https://contribua.org/bairros/norte/centro/Avenida_Presidente_Joao_Pessoa__128__180.jpg"}"
N19962+2015-11-18T11:56:13.387235+556+61828+820++2015-11-18T11:56:13.387269+++"{"question": "seguro", "theLess": "https://contribua.org/bairros/norte/centro/Avenida_Presidente_Getulio_Vargas__210__180.jpg", "theMost": "https://contribua.org/bairros/oeste/catole/Rua_Joao_Francisco_Mota__64__90.jpg"}"
N19921+2015-11-18T11:28:47.456369+556+61785+814++2015-11-18T11:28:47.456404+++"{"question": "agradavel", "theLess": "https://contribua.org/bairros/norte/centro/Rua_Pedro_Alvares_Cabral__129_180.jpg", "theMost": "https://contribua.org/bairros/oeste/catole/Rua_Inacio_Marques_da_Silva__434_270.jpg"}"
N19937+2015-11-18T11:30:25.381201+556+61731+815++2015-11-18T11:30:25.381237+++"{"question": "agradavel", "theLess": "https://contribua.org/bairros/oeste/liberdade/Rua_Sergipe__1337_90.jpg", "theMost": "https://contribua.org/bairros/norte/centro/Rua_Capitao_Joao_de_Sa__45__0.jpg"}"
N19948+2015-11-18T11:43:26.170622+556+61283+817++2015-11-18T11:43:26.170655+++"{"question": "agradavel", "theLess": "https://contribua.org/bairros/norte/centro/Avenida_Dom_Pedro_II__119_270.jpg", "theMost": "https://contribua.org/bairros/oeste/liberdade/Rua_Acre__635_90.jpg"}"
N19950+2015-11-18T11:43:56.359840+556+61486+817++2015-11-18T11:43:56.359877+++"{"question": "seguro", "theLess": "https://contribua.org/bairros/oeste/liberdade/Rua_Riachuelo__847__180.jpg", "theMost": "https://contribua.org/bairros/norte/centro/Rua_Joao_da_Mata__490_270.jpg"}"
N19932+2015-11-18T11:29:29.963589+556+61947+784++2015-11-18T11:29:29.963624+++"{"question": "agradavel", "theLess": "https://contribua.org/bairros/oeste/liberdade/Avenida_Assis_Chateaubriand__1334__180.jpg", "theMost": "https://contribua.org/bairros/oeste/catole/Rua_Olegario_Mariano__139_270.jpg"}"
N19942+2015-11-18T11:39:52.988530+556+61502+817++2015-11-18T11:39:52.988567+++"{"question": "seguro", "theLess": "https://contribua.org/bairros/oeste/catole/Rua_Sebastiao_Vieira_da_Silva__1273__180.jpg", "theMost": "https://contribua.org/bairros/oeste/liberdade/Rua_Odon_Bezerra__147_90.jpg"}"
N19958+2015-11-18T11:55:42.030170+556+61428+819++2015-11-18T11:55:42.030204+++"{"question": "seguro", "theLess": "https://contribua.org/bairros/norte/centro/Avenida_Presidente_Getulio_Vargas__210__0.jpg", "theMost": "https://contribua.org/bairros/norte/centro/Rua_Augusto_Severo__71_0.jpg"}"
N19994+2015-11-18T12:04:16.227203+556+61381+822++2015-11-18T12:04:16.227237+++"{"question": "agradavel", "theLess": "https://contribua.org/bairros/norte/centro/Rua_Pedro_Alvares_Cabral__129_90.jpg", "theMost": "https://contribua.org/bairros/norte/centro/Avenida_Presidente_Getulio_Vargas__210__180.jpg"}"
N20007+2015-11-18T12:10:07.841164+556+61416+599++2015-11-18T12:10:07.841200+++"{"question": "seguro", "theLess": "https://contribua.org/bairros/oeste/liberdade/Rua_Acre__635_270.jpg", "theMost": "https://contribua.org/bairros/norte/centro/Avenida_Presidente_Getulio_Vargas__271__90.jpg"}"
N20018+2015-11-18T12:38:05.678413+556+61673+599++2015-11-18T12:38:05.678450+++"{"question": "agradavel", "theLess": "https://contribua.org/bairros/norte/centro/Avenida_Dom_Pedro_II__500_90.jpg", "theMost": "https://contribua.org/bairros/oeste/liberdade/Rua_Severino_Pimentel__321__0.jpg"}"
N20025+2015-11-18T12:44:12.892454+556+61459+640++2015-11-18T12:44:12.892491+++"{"question": "agradavel", "theLess": "https://contribua.org/bairros/norte/centro/Avenida_Dom_Pedro_II__500_270.jpg", "theMost": "https://contribua.org/bairros/oeste/catole/Avenida_Prefeito_Severino_Bezerra_Cabral__218_0.jpg"}"
N20027+2015-11-18T12:44:42.597873+556+61646+640++2015-11-18T12:44:42.597907+++"{"question": "seguro", "theLess": "https://contribua.org/bairros/oeste/liberdade/Rua_Sergipe__1337_90.jpg", "theMost": "https://contribua.org/bairros/oeste/catole/Avenida_Prefeito_Severino_Bezerra_Cabral__218_90.jpg"}"
N20049+2015-11-18T12:57:56.930982+556+61451+599++2015-11-18T12:57:56.931016+++"{"question": "agradavel", "theLess": "https://contribua.org/bairros/oeste/catole/Rua_Vigario_Calixto__1201_180.jpg", "theMost": "https://contribua.org/bairros/oeste/liberdade/Rua_Odon_Bezerra__147_270.jpg"}"
N20005+2015-11-18T12:09:51.327449+556+61691+822++2015-11-18T12:09:51.327485+++"{"question": "agradavel", "theLess": "https://contribua.org/bairros/oeste/liberdade/Rua_Padre_Pedro_Serrao__336__90.jpg", "theMost": "https://contribua.org/bairros/norte/centro/Avenida_Presidente_Getulio_Vargas__395__90.jpg"}"
N20036+2015-11-18T12:53:00.031513+556+61917+599++2015-11-18T12:53:00.031565+++"{"question": "agradavel", "theLess": "https://contribua.org/bairros/norte/centro/Rua_Pedro_Alvares_Cabral__129_180.jpg", "theMost": "https://contribua.org/bairros/norte/centro/Avenida_Dom_Pedro_II__119_270.jpg"}"
N20052+2015-11-18T12:58:57.059893+556+61754+599++2015-11-18T12:58:57.059928+++"{"question": "seguro", "theLess": "https://contribua.org/bairros/oeste/catole/Rua_Deputado_Ascendino_Moura__101__270.jpg", "theMost": "https://contribua.org/bairros/oeste/liberdade/Rua_Odon_Bezerra__388__270.jpg"}"
N20057+2015-11-18T13:14:52.171729+556+61761+729++2015-11-18T13:14:52.171764+++"{"question": "agradavel", "theLess": "https://contribua.org/bairros/norte/centro/Rua_Coronel_Salvino_Figueiredo__251_90.jpg", "theMost": "https://contribua.org/bairros/norte/centro/Avenida_Barao_Rio_Branco__141_270.jpg"}"
N20019+2015-11-18T12:38:13.632634+556+61600+599++2015-11-18T12:38:13.632667+++"{"question": "seguro", "theLess": "https://contribua.org/bairros/oeste/liberdade/Rua_Santa_Catarina__1231__180.jpg", "theMost": "https://contribua.org/bairros/norte/centro/Avenida_Presidente_Joao_Pessoa__128__90.jpg"}"
N20026+2015-11-18T12:44:29.783213+556+61859+640++2015-11-18T12:44:29.783248+++"{"question": "agradavel", "theLess": "https://contribua.org/bairros/oeste/liberdade/Avenida_Assis_Chateaubriand__1334__180.jpg", "theMost": "https://contribua.org/bairros/oeste/liberdade/Rua_Sergipe__1337_0.jpg"}"
N20033+2015-11-18T12:50:05.594036+556+61580+599++2015-11-18T12:50:05.594071+++"{"question": "seguro", "theLess": "https://contribua.org/bairros/oeste/liberdade/Rua_Severino_Pimentel__439__0.jpg", "theMost": "https://contribua.org/bairros/norte/centro/Rua_Pedro_Alvares_Cabral__129_180.jpg"}"
N20054+2015-11-18T12:59:54.262595+556+61496+599++2015-11-18T12:59:54.262628+++"{"question": "seguro", "theLess": "https://contribua.org/bairros/oeste/catole/Rua_Cristina_Procopio_da_Silva__62__90.jpg", "theMost": "https://contribua.org/bairros/norte/centro/Avenida_Dom_Pedro_II__119_270.jpg"}"
N20062+2015-11-18T13:20:29.627218+556+61609+729++2015-11-18T13:20:29.627250+++"{"question": "agradavel", "theLess": "https://contribua.org/bairros/oeste/catole/Rua_Cristina_Procopio_da_Silva__62__270.jpg", "theMost": "https://contribua.org/bairros/norte/centro/Rua_Quebra_Quilos__399__90.jpg"}"
N20072+2015-11-18T13:25:40.570799+556+61898+729++2015-11-18T13:25:40.570834+++"{"question": "seguro", "theLess": "https://contribua.org/bairros/norte/centro/Avenida_Presidente_Getulio_Vargas__210__0.jpg", "theMost": "https://contribua.org/bairros/oeste/catole/Rua_Olegario_Mariano__139_0.jpg"}"
N20075+2015-11-18T13:26:34.123714+556+61706+729++2015-11-18T13:26:34.123748+++"{"question": "seguro", "theLess": "https://contribua.org/bairros/oeste/catole/Avenida_Prefeito_Severino_Bezerra_Cabral__218_90.jpg", "theMost": "https://contribua.org/bairros/norte/centro/Rua_Felix_Araujo__48__90.jpg"}"
N20102+2015-11-18T14:34:32.650246+556+61926+830++2015-11-18T14:34:32.650279+++"{"question": "seguro", "theLess": "https://contribua.org/bairros/norte/centro/Rua_Manoel_P._de_Araujo__370_0.jpg", "theMost": "https://contribua.org/bairros/norte/centro/Rua_Coronel_Salvino_Figueiredo__251_270.jpg"}"
N20104+2015-11-18T14:36:14.447186+556+61891+830++2015-11-18T14:36:14.447219+++"{"question": "agradavel", "theLess": "https://contribua.org/bairros/oeste/catole/Rua_Cristina_Procopio_da_Silva__62__270.jpg", "theMost": "https://contribua.org/bairros/oeste/catole/Rua_Olegario_Mariano__139_180.jpg"}"
N20115+2015-11-18T14:49:18.837774+556+61387+832++2015-11-18T14:49:18.837806+++"{"question": "agradavel", "theLess": "https://contribua.org/bairros/oeste/catole/Rua_Doutor_Antonio_Telha__235_0.jpg", "theMost": "https://contribua.org/bairros/oeste/catole/Rua_Aluisio_Cunha_Linha__50__90.jpg"}"
N20061+2015-11-18T13:20:12.671654+556+61333+729++2015-11-18T13:20:12.671689+++"{"question": "agradavel", "theLess": "https://contribua.org/bairros/norte/centro/Rua_Capitao_Joao_de_Sa__45__180.jpg", "theMost": "https://contribua.org/bairros/oeste/catole/Rua_Doutor_Antonio_Telha_-_Catole__Campina_Grande__90.jpg"}"
N20074+2015-11-18T13:26:12.929028+556+61878+729++2015-11-18T13:26:12.929061+++"{"question": "seguro", "theLess": "https://contribua.org/bairros/norte/centro/Rua_Felix_Araujo__132__90.jpg", "theMost": "https://contribua.org/bairros/norte/centro/Avenida_Barao_Rio_Branco__141_270.jpg"}"
N20098+2015-11-18T14:13:13.910414+556+61805+828++2015-11-18T14:13:13.910450+++"{"question": "agradavel", "theLess": "https://contribua.org/bairros/oeste/liberdade/Rua_Padre_Pedro_Serrao__336__90.jpg", "theMost": "https://contribua.org/bairros/oeste/catole/Rua_Olegario_Mariano__139_0.jpg"}"
N20113+2015-11-18T14:48:18.908652+556+61945+832++2015-11-18T14:48:18.908687+++"{"question": "agradavel", "theLess": "https://contribua.org/bairros/norte/centro/Rua_Augusto_Severo__71_0.jpg", "theMost": "https://contribua.org/bairros/norte/centro/Rua_Quebra_Quilos__399__90.jpg"}"
N20076+2015-11-18T13:26:44.849472+556+61876+729++2015-11-18T13:26:44.849507+++"{"question": "seguro", "theLess": "https://contribua.org/bairros/oeste/liberdade/Rua_Santa_Catarina__1231__180.jpg", "theMost": "https://contribua.org/bairros/oeste/catole/Rua_Vigario_Calixto__1201_180.jpg"}"
N20097+2015-11-18T14:12:45.906676+556+61853+828++2015-11-18T14:12:45.906713+++"{"question": "agradavel", "theLess": "https://contribua.org/bairros/norte/centro/Rua_Manoel_P._de_Araujo__370_0.jpg", "theMost": "https://contribua.org/bairros/oeste/catole/Rua_Luisa_Bezerra_Mota__246_270.jpg"}"
N20105+2015-11-18T14:36:41.712794+556+61943+830++2015-11-18T14:36:41.712831+++"{"question": "agradavel", "theLess": "https://contribua.org/bairros/norte/centro/Rua_Quebra_Quilos__399__90.jpg", "theMost": "https://contribua.org/bairros/oeste/liberdade/Rua_Espirito_Santo__1288__0.jpg"}"
N20107+2015-11-18T14:44:55.860973+556+61726+832++2015-11-18T14:44:55.861010+++"{"question": "seguro", "theLess": "https://contribua.org/bairros/oeste/liberdade/Rua_Sergipe__1337_90.jpg", "theMost": "https://contribua.org/bairros/oeste/catole/Rua_Otacilio_Nepomuceno__76_90.jpg"}"
N20110+2015-11-18T14:47:00.389435+556+61559+832++2015-11-18T14:47:00.389471+++"{"question": "agradavel", "theLess": "https://contribua.org/bairros/oeste/catole/Rua_Doutor_Antonio_Telha__235_0.jpg", "theMost": "https://contribua.org/bairros/oeste/liberdade/Rua_Padre_Pedro_Serrao__336__270.jpg"}"
N20116+2015-11-18T14:49:50.932941+556+61469+832++2015-11-18T14:49:50.932974+++"{"question": "agradavel", "theLess": "https://contribua.org/bairros/norte/centro/Avenida_Presidente_Getulio_Vargas__395__270.jpg", "theMost": "https://contribua.org/bairros/oeste/catole/Rua_Olegario_Mariano__139_180.jpg"}"
N20123+2015-11-18T15:12:29.913685+556+61697+599++2015-11-18T15:12:29.913722+++"{"question": "agradavel", "theLess": "https://contribua.org/bairros/norte/centro/Rua_Felix_Araujo__48__90.jpg", "theMost": "https://contribua.org/bairros/oeste/catole/Rua_Inacio_Marques_da_Silva__434_270.jpg"}"
N20127+2015-11-18T15:42:43.440449+556+61379+801++2015-11-18T15:42:43.440487+++"{"question": "agradavel", "theLess": "https://contribua.org/bairros/norte/centro/Avenida_Presidente_Getulio_Vargas__210__0.jpg", "theMost": "https://contribua.org/bairros/oeste/catole/Rua_Aluisio_Cunha_Linha__50__90.jpg"}"
N20132+2015-11-18T15:54:57.845290+556+61462+837++2015-11-18T15:54:57.845326+++"{"question": "seguro", "theLess": "https://contribua.org/bairros/oeste/catole/Rua_Luisa_Bezerra_Mota__246_270.jpg", "theMost": "https://contribua.org/bairros/norte/centro/Avenida_Presidente_Joao_Pessoa__128__90.jpg"}"
N20156+2015-11-18T16:23:20.279222+556+61537+838++2015-11-18T16:23:20.279255+++"{"question": "agradavel", "theLess": "https://contribua.org/bairros/norte/centro/Rua_Capitao_Joao_de_Sa__45__180.jpg", "theMost": "https://contribua.org/bairros/oeste/catole/Rua_Deputado_Ascendino_Moura__101__90.jpg"}"
N20160+2015-11-18T16:24:30.017868+556+61771+838++2015-11-18T16:24:30.017906+++"{"question": "agradavel", "theLess": "https://contribua.org/bairros/norte/centro/Rua_Manoel_P._de_Araujo__370_180.jpg", "theMost": "https://contribua.org/bairros/oeste/liberdade/Rua_Acre__635_270.jpg"}"
N20168+2015-11-18T16:25:04.402939+556+61824+838++2015-11-18T16:25:04.402973+++"{"question": "seguro", "theLess": "https://contribua.org/bairros/oeste/catole/Rua_Doutor_Antonio_Telha__68__270.jpg", "theMost": "https://contribua.org/bairros/oeste/catole/Rua_Cristina_Procopio_da_Silva__62__90.jpg"}"
N20172+2015-11-18T16:25:17.525096+556+61842+838++2015-11-18T16:25:17.525131+++"{"question": "seguro", "theLess": "https://contribua.org/bairros/oeste/liberdade/Rua_Edesio_Silva__602__0.jpg", "theMost": "https://contribua.org/bairros/norte/centro/Avenida_Dom_Pedro_II__500_270.jpg"}"
N20199+2015-11-18T16:35:48.663715+556+61745+599++2015-11-18T16:35:48.663749+++"{"question": "agradavel", "theLess": "https://contribua.org/bairros/norte/centro/Avenida_Presidente_Getulio_Vargas__210__0.jpg", "theMost": "https://contribua.org/bairros/norte/centro/Avenida_Barao_Rio_Branco__141_270.jpg"}"
N20163+2015-11-18T16:24:40.457789+556+61672+839++2015-11-18T16:24:40.457824+++"{"userProfile": {"city": "Campina Grande - PB, Brasil", "age": 20, "sex": "F", "rel": "solteiro", "educ": "graduacao", "neig": ["cen"], "clas": "media"}, "question": "seguro", "theLess": "https://contribua.org/bairros/oeste/liberdade/Rua_Riachuelo__847__180.jpg", "theMost": "https://contribua.org/bairros/norte/centro/Rua_Augusto_Severo__71_0.jpg"}"
N20164+2015-11-18T16:24:47.655333+556+61602+599++2015-11-18T16:24:47.655366+++"{"question": "seguro", "theLess": "https://contribua.org/bairros/oeste/liberdade/Rua_Padre_Pedro_Serrao__207__270.jpg", "theMost": "https://contribua.org/bairros/norte/centro/Rua_Manoel_P._de_Araujo__370_0.jpg"}"
N20166+2015-11-18T16:24:56.354080+556+61834+839++2015-11-18T16:24:56.354118+++"{"question": "seguro", "theLess": "https://contribua.org/bairros/oeste/catole/Rua_Luisa_Bezerra_Mota__246_270.jpg", "theMost": "https://contribua.org/bairros/oeste/catole/Rua_Honorio_de_Melo__240__270.jpg"}"
N20170+2015-11-18T16:25:10.215492+556+61728+838++2015-11-18T16:25:10.215526+++"{"question": "seguro", "theLess": "https://contribua.org/bairros/norte/centro/Avenida_Presidente_Getulio_Vargas__210__0.jpg", "theMost": "https://contribua.org/bairros/oeste/liberdade/Rua_Odon_Bezerra__147_270.jpg"}"
N20187+2015-11-18T16:26:23.494640+556+61383+839++2015-11-18T16:26:23.494673+++"{"question": "agradavel", "theLess": "https://contribua.org/bairros/oeste/catole/Rua_Aluisio_Cunha_Linha__50__90.jpg", "theMost": "https://contribua.org/bairros/norte/centro/Rua_Elias_Aforas__202_180.jpg"}"
N20189+2015-11-18T16:26:34.815887+556+61535+838++2015-11-18T16:26:34.815921+++"{"question": "agradavel", "theLess": "https://contribua.org/bairros/oeste/catole/Rua_Cristina_Procopio_da_Silva__62__270.jpg", "theMost": "https://contribua.org/bairros/norte/centro/Avenida_Presidente_Joao_Pessoa__128__180.jpg"}"
N20192+2015-11-18T16:26:55.403867+556+61363+839++2015-11-18T16:26:55.403902+++"{"question": "agradavel", "theLess": "https://contribua.org/bairros/norte/centro/Avenida_Presidente_Getulio_Vargas__271__270.jpg", "theMost": "https://contribua.org/bairros/oeste/liberdade/Rua_Severino_Pimentel__439__0.jpg"}"
N20235+2015-11-18T17:28:40.500495+556+61450+825++2015-11-18T17:28:40.500529+++"{"userProfile": {"city": "Campina Grande - PB, Brasil", "age": 30, "sex": "F", "neig": ["cen", "lib", "cat"], "rel": "solteiro", "educ": "doutorado", "clas": "media alta"}, "question": "seguro", "theLess": "https://contribua.org/bairros/oeste/catole/Rua_Inacio_Marques_da_Silva__434_90.jpg", "theMost": "https://contribua.org/bairros/norte/centro/Rua_Capitao_Joao_de_Sa__45__0.jpg"}"
N20264+2015-11-18T20:10:11.400125+556+61749+845++2015-11-18T20:10:11.400214+++"{"question": "agradavel", "theLess": "https://contribua.org/bairros/oeste/liberdade/Rua_Riachuelo__455__0.jpg", "theMost": "https://contribua.org/bairros/norte/centro/Rua_Quebra_Quilos__399__90.jpg"}"
N20200+2015-11-18T16:36:02.375532+556+61906+599++2015-11-18T16:36:02.375592+++"{"question": "seguro", "theLess": "https://contribua.org/bairros/oeste/catole/Rua_Sebastiao_Vieira_da_Silva__1273__0.jpg", "theMost": "https://contribua.org/bairros/oeste/catole/Rua_Olegario_Mariano__139_180.jpg"}"
N20209+2015-11-18T16:43:27.467740+556+61313+599++2015-11-18T16:43:27.467773+++"{"question": "agradavel", "theLess": "https://contribua.org/bairros/oeste/liberdade/Rua_Edesio_Silva__602__180.jpg", "theMost": "https://contribua.org/bairros/oeste/catole/Rua_Joao_Francisco_Mota__64__270.jpg"}"
N20222+2015-11-18T17:20:52.245546+556+61492+840++2015-11-18T17:20:52.245579+++"{"question": "seguro", "theLess": "https://contribua.org/bairros/oeste/catole/Rua_Doutor_Antonio_Telha__235_180.jpg", "theMost": "https://contribua.org/bairros/norte/centro/Rua_Joao_da_Mata__490_270.jpg"}"
N20228+2015-11-18T17:21:54.968291+556+61758+840++2015-11-18T17:21:54.968323+++"{"question": "seguro", "theLess": "https://contribua.org/bairros/oeste/liberdade/Rua_Riachuelo__930__180.jpg", "theMost": "https://contribua.org/bairros/oeste/liberdade/Rua_Odon_Bezerra__388__270.jpg"}"
N20231+2015-11-18T17:22:22.741395+556+61379+840++2015-11-18T17:22:22.741430+++"{"question": "agradavel", "theLess": "https://contribua.org/bairros/norte/centro/Avenida_Presidente_Getulio_Vargas__210__0.jpg", "theMost": "https://contribua.org/bairros/oeste/liberdade/Rua_Odon_Bezerra__147_270.jpg"}"
N20239+2015-11-18T17:29:46.918053+556+61289+825++2015-11-18T17:29:46.918086+++"{"question": "agradavel", "theLess": "https://contribua.org/bairros/norte/centro/Rua_Manoel_P._de_Araujo__370_0.jpg", "theMost": "https://contribua.org/bairros/oeste/liberdade/Rua_Padre_Pedro_Serrao__353__90.jpg"}"
N20258+2015-11-18T20:08:46.902597+556+61832+845++2015-11-18T20:08:46.902632+++"{"question": "seguro", "theLess": "https://contribua.org/bairros/norte/centro/Avenida_Dom_Pedro_II__119_90.jpg", "theMost": "https://contribua.org/bairros/norte/centro/Avenida_Dom_Pedro_II__500_270.jpg"}"
N20232+2015-11-18T17:22:32.356235+556+61382+840++2015-11-18T17:22:32.356271+++"{"question": "seguro", "theLess": "https://contribua.org/bairros/norte/centro/Rua_Pedro_Alvares_Cabral__129_90.jpg", "theMost": "https://contribua.org/bairros/norte/centro/Avenida_Presidente_Joao_Pessoa__128__90.jpg"}"
N20237+2015-11-18T17:29:10.193528+556+61674+825++2015-11-18T17:29:10.193563+++"{"question": "seguro", "theLess": "https://contribua.org/bairros/norte/centro/Avenida_Presidente_Getulio_Vargas__210__0.jpg", "theMost": "https://contribua.org/bairros/norte/centro/Avenida_Dom_Pedro_II__500_90.jpg"}"
N20259+2015-11-18T20:09:02.073189+556+61882+845++2015-11-18T20:09:02.073224+++"{"question": "seguro", "theLess": "https://contribua.org/bairros/norte/centro/Rua_Felix_Araujo__132__90.jpg", "theMost": "https://contribua.org/bairros/oeste/liberdade/Rua_Padre_Pedro_Serrao__336__270.jpg"}"
N20263+2015-11-18T20:10:02.435295+556+61814+845++2015-11-18T20:10:02.435330+++"{"question": "seguro", "theLess": "https://contribua.org/bairros/norte/centro/Rua_Elias_Aforas__202_180.jpg", "theMost": "https://contribua.org/bairros/norte/centro/Rua_Joao_da_Mata__490_90.jpg"}"
N20266+2015-11-18T20:11:14.799019+556+61805+845++2015-11-18T20:11:14.799053+++"{"userProfile": {"city": "Campina Grande - PB, Brasil", "age": 24, "sex": "M", "rel": "solteiro", "educ": "graduacao", "neig": ["cen"], "clas": "media baixa"}, "question": "agradavel", "theLess": "https://contribua.org/bairros/oeste/liberdade/Rua_Padre_Pedro_Serrao__336__90.jpg", "theMost": "https://contribua.org/bairros/oeste/catole/Rua_Olegario_Mariano__139_0.jpg"}"
N20298+2015-11-18T21:59:19.267217+556+61357+849++2015-11-18T21:59:19.267250+++"{"question": "agradavel", "theLess": "https://contribua.org/bairros/norte/centro/Avenida_Presidente_Getulio_Vargas__271__270.jpg", "theMost": "https://contribua.org/bairros/oeste/catole/Rua_Inacio_Marques_da_Silva__434_270.jpg"}"
N20267+2015-11-18T20:11:24.542938+556+61398+845++2015-11-18T20:11:24.542976+++"{"question": "seguro", "theLess": "https://contribua.org/bairros/oeste/liberdade/Rua_Santa_Catarina__1231__0.jpg", "theMost": "https://contribua.org/bairros/oeste/catole/Avenida_Prefeito_Severino_Bezerra_Cabral__218_90.jpg"}"
N20333+2015-11-18T22:48:42.265379+556+61448+851++2015-11-18T22:48:42.265393+++"{"question": "seguro", "theLess": "https://contribua.org/bairros/oeste/catole/Rua_Inacio_Marques_da_Silva__434_90.jpg", "theMost": "https://contribua.org/bairros/norte/centro/Rua_Augusto_Severo__71_90.jpg"}"
N20369+2015-11-18T23:20:51.502706+556+61842+853++2015-11-18T23:20:51.502727+++"{"question": "seguro", "theLess": "https://contribua.org/bairros/norte/centro/Rua_Joao_da_Mata__490_90.jpg", "theMost": "https://contribua.org/bairros/oeste/liberdade/Rua_Odon_Bezerra__388__90.jpg"}"
N20378+2015-11-18T23:46:48.133563+556+61578+855++2015-11-18T23:46:48.133581+++"{"question": "seguro", "theLess": "https://contribua.org/bairros/oeste/catole/Rua_Inacio_Marques_da_Silva__434_270.jpg", "theMost": "https://contribua.org/bairros/norte/centro/Rua_Joao_da_Mata__490_90.jpg"}"
N20379+2015-11-18T23:46:57.927306+556+61559+855++2015-11-18T23:46:57.927339+++"{"question": "agradavel", "theLess": "https://contribua.org/bairros/norte/centro/Avenida_Dom_Pedro_II__500_270.jpg", "theMost": "https://contribua.org/bairros/oeste/catole/Rua_Sebastiao_Vieira_da_Silva__1273__180.jpg"}"
N20283+2015-11-18T20:43:32.419441+556+61636+846++2015-11-18T20:43:32.419475+++"{"question": "seguro", "theLess": "https://contribua.org/bairros/norte/centro/Rua_Manoel_P._de_Araujo__370_180.jpg", "theMost": "https://contribua.org/bairros/norte/centro/Rua_Augusto_Severo__71_90.jpg"}"
N20285+2015-11-18T21:18:34.554191+556+61493+848++2015-11-18T21:18:34.554228+++"{"question": "agradavel", "theLess": "https://contribua.org/bairros/norte/centro/Rua_Joao_da_Mata__490_270.jpg", "theMost": "https://contribua.org/bairros/oeste/liberdade/Rua_Sergipe__1337_0.jpg"}"
N20294+2015-11-18T21:42:03.090725+556+61586+848++2015-11-18T21:42:03.090759+++"{"question": "seguro", "theLess": "https://contribua.org/bairros/oeste/liberdade/Rua_Santa_Catarina__1231__180.jpg", "theMost": "https://contribua.org/bairros/oeste/catole/Avenida_Prefeito_Severino_Bezerra_Cabral__218_0.jpg"}"
N20306+2015-11-18T22:01:13.604097+556+61595+849++2015-11-18T22:01:13.604134+++"{"question": "agradavel", "theLess": "https://contribua.org/bairros/norte/centro/Rua_Manoel_P._de_Araujo__370_180.jpg", "theMost": "https://contribua.org/bairros/oeste/catole/Rua_Doutor_Antonio_Telha__68__90.jpg"}"
N20312+2015-11-18T22:06:07.708063+556+61390+849++2015-11-18T22:06:07.708098+++"{"question": "seguro", "theLess": "https://contribua.org/bairros/norte/centro/Rua_Manoel_P._de_Araujo__150_270.jpg", "theMost": "https://contribua.org/bairros/oeste/liberdade/Rua_Padre_Pedro_Serrao__353__90.jpg"}"
N20313+2015-11-18T22:06:16.021787+556+61477+849++2015-11-18T22:06:16.021806+++"{"question": "agradavel", "theLess": "https://contribua.org/bairros/norte/centro/Avenida_Presidente_Getulio_Vargas__395__270.jpg", "theMost": "https://contribua.org/bairros/oeste/catole/Rua_Joao_Francisco_Mota__64__270.jpg"}"
N20314+2015-11-18T22:06:28.074324+556+61831+849++2015-11-18T22:06:28.074358+++"{"question": "agradavel", "theLess": "https://contribua.org/bairros/norte/centro/Avenida_Dom_Pedro_II__119_90.jpg", "theMost": "https://contribua.org/bairros/oeste/catole/Rua_Joao_Francisco_Mota__64__90.jpg"}"
N20317+2015-11-18T22:06:49.042002+556+61605+850++2015-11-18T22:06:49.042020+++"{"question": "agradavel", "theLess": "https://contribua.org/bairros/oeste/liberdade/Rua_Sergipe__1337_90.jpg", "theMost": "https://contribua.org/bairros/norte/centro/Rua_Doutor_Severino_Cruz__411__270.jpg"}"
N20320+2015-11-18T22:07:31.263198+556+61495+849++2015-11-18T22:07:31.263238+++"{"userProfile": {"city": "Campina Grande - PB, Brasil", "age": 21, "sex": "M", "neig": ["lib", "cat", "cen"], "rel": "solteiro", "educ": "ensino medio", "clas": "media"}, "question": "agradavel", "theLess": "https://contribua.org/bairros/norte/centro/Avenida_Presidente_Getulio_Vargas__210__0.jpg", "theMost": "https://contribua.org/bairros/norte/centro/Avenida_Dom_Pedro_II__119_270.jpg"}"
N20323+2015-11-18T22:08:03.351459+556+61311+849++2015-11-18T22:08:03.351492+++"{"question": "agradavel", "theLess": "https://contribua.org/bairros/oeste/liberdade/Rua_Edesio_Silva__602__180.jpg", "theMost": "https://contribua.org/bairros/norte/centro/Rua_Quebra_Quilos__399__270.jpg"}"
N20341+2015-11-18T22:51:42.177472+556+61530+851++2015-11-18T22:51:42.177504+++"{"question": "seguro", "theLess": "https://contribua.org/bairros/norte/centro/Rua_Elias_Aforas__202_0.jpg", "theMost": "https://contribua.org/bairros/norte/centro/Rua_Manoel_P._de_Araujo__150_270.jpg"}"
N20335+2015-11-18T22:50:13.676547+556+61682+851++2015-11-18T22:50:13.676582+++"{"question": "seguro", "theLess": "https://contribua.org/bairros/norte/centro/Rua_Quebra_Quilos__399__270.jpg", "theMost": "https://contribua.org/bairros/norte/centro/Avenida_Presidente_Getulio_Vargas__271__90.jpg"}"
N20365+2015-11-18T23:19:49.686566+556+61950+853++2015-11-18T23:19:49.686600+++"{"userProfile": {"city": "Fagundes - PB, Brasil", "age": 15, "sex": "M", "rel": "solteiro", "educ": "ensino fundamental", "neig": ["cat", "cen"], "clas": "baixa"}, "question": "seguro", "theLess": "https://contribua.org/bairros/norte/centro/Rua_Elias_Aforas__67__0.jpg", "theMost": "https://contribua.org/bairros/oeste/liberdade/Rua_Espirito_Santo__1288__0.jpg"}"
N20366+2015-11-18T23:20:07.217114+556+61844+853++2015-11-18T23:20:07.217147+++"{"question": "seguro", "theLess": "https://contribua.org/bairros/oeste/catole/Rua_Doutor_Antonio_Telha__68__270.jpg", "theMost": "https://contribua.org/bairros/oeste/liberdade/Rua_Edesio_Silva__602__0.jpg"}"
N20348+2015-11-18T23:13:24.264100+556+61703+854++2015-11-18T23:13:24.264133+++"{"question": "agradavel", "theLess": "https://contribua.org/bairros/norte/centro/Rua_Felix_Araujo__48__90.jpg", "theMost": "https://contribua.org/bairros/oeste/catole/Rua_Sebastiao_Vieira_da_Silva__1273__180.jpg"}"
N20367+2015-11-18T23:20:18.490017+556+61459+853++2015-11-18T23:20:18.490050+++"{"question": "agradavel", "theLess": "https://contribua.org/bairros/oeste/liberdade/Rua_Espirito_Santo__1288__180.jpg", "theMost": "https://contribua.org/bairros/oeste/catole/Avenida_Prefeito_Severino_Bezerra_Cabral__218_0.jpg"}"
N20352+2015-11-18T23:14:27.868719+556+61796+854++2015-11-18T23:14:27.868752+++"{"question": "seguro", "theLess": "https://contribua.org/bairros/norte/centro/Rua_Augusto_Severo__71_0.jpg", "theMost": "https://contribua.org/bairros/oeste/catole/Rua_Honorio_de_Melo__240__270.jpg"}"
N20358+2015-11-18T23:16:05.893301+556+61932+853++2015-11-18T23:16:05.893334+++"{"question": "seguro", "theLess": "https://contribua.org/bairros/oeste/liberdade/Rua_Padre_Pedro_Serrao__336__270.jpg", "theMost": "https://contribua.org/bairros/oeste/catole/Rua_Otacilio_Nepomuceno__76_0.jpg"}"
N20371+2015-11-18T23:45:32.868096+556+61909+855++2015-11-18T23:45:32.868113+++"{"question": "agradavel", "theLess": "https://contribua.org/bairros/norte/centro/Rua_Manoel_P._de_Araujo__370_180.jpg", "theMost": "https://contribua.org/bairros/oeste/catole/Rua_Olegario_Mariano__139_90.jpg"}"
N20374+2015-11-18T23:46:07.207718+556+61546+855++2015-11-18T23:46:07.207752+++"{"question": "seguro", "theLess": "https://contribua.org/bairros/oeste/liberdade/Rua_Acre__635_90.jpg", "theMost": "https://contribua.org/bairros/norte/centro/Avenida_Presidente_Getulio_Vargas__271__90.jpg"}"
N20384+2015-11-18T23:48:13.436639+556+61534+855++2015-11-18T23:48:13.436656+++"{"question": "seguro", "theLess": "https://contribua.org/bairros/oeste/catole/Rua_Aluisio_Cunha_Linha__50__90.jpg", "theMost": "https://contribua.org/bairros/norte/centro/Avenida_Presidente_Joao_Pessoa__128__180.jpg"}"
N20388+2015-11-18T23:48:45.155458+556+61876+855++2015-11-18T23:48:45.155490+++"{"question": "seguro", "theLess": "https://contribua.org/bairros/oeste/liberdade/Rua_Santa_Catarina__1231__180.jpg", "theMost": "https://contribua.org/bairros/oeste/catole/Rua_Vigario_Calixto__1201_180.jpg"}"
N20389+2015-11-18T23:48:54.675288+556+61472+855++2015-11-18T23:48:54.675323+++"{"question": "seguro", "theLess": "https://contribua.org/bairros/norte/centro/Rua_Elias_Aforas__202_180.jpg", "theMost": "https://contribua.org/bairros/norte/centro/Avenida_Presidente_Getulio_Vargas__271__270.jpg"}"
N20436+2015-11-19T15:01:30.987207+556+61331+790++2015-11-19T15:01:30.987242+++"{"question": "agradavel", "theLess": "https://contribua.org/bairros/norte/centro/Rua_Manoel_P._de_Araujo__150_90.jpg", "theMost": "https://contribua.org/bairros/oeste/liberdade/Rua_Riachuelo__847__180.jpg"}"
N20437+2015-11-19T15:01:39.415488+556+61879+790++2015-11-19T15:01:39.415506+++"{"question": "agradavel", "theLess": "https://contribua.org/bairros/norte/centro/Rua_Felix_Araujo__132__90.jpg", "theMost": "https://contribua.org/bairros/oeste/catole/Rua_Olegario_Mariano__139_90.jpg"}"
N20444+2015-11-19T15:03:34.914516+556+61466+790++2015-11-19T15:03:34.914551+++"{"question": "seguro", "theLess": "https://contribua.org/bairros/norte/centro/Rua_Pedro_Alvares_Cabral__129_90.jpg", "theMost": "https://contribua.org/bairros/oeste/liberdade/Rua_Espirito_Santo__1288__180.jpg"}"
N20447+2015-11-19T15:04:03.449738+556+61322+790++2015-11-19T15:04:03.449773+++"{"question": "seguro", "theLess": "https://contribua.org/bairros/oeste/catole/Rua_Doutor_Antonio_Telha__68__90.jpg", "theMost": "https://contribua.org/bairros/norte/centro/Rua_Felix_Araujo__48__90.jpg"}"
N20424+2015-11-18T23:53:29.861864+556+61831+855++2015-11-18T23:53:29.861884+++"{"question": "agradavel", "theLess": "https://contribua.org/bairros/norte/centro/Avenida_Dom_Pedro_II__119_90.jpg", "theMost": "https://contribua.org/bairros/oeste/catole/Rua_Joao_Francisco_Mota__64__90.jpg"}"
N20425+2015-11-18T23:53:35.807205+556+61606+855++2015-11-18T23:53:35.807239+++"{"question": "seguro", "theLess": "https://contribua.org/bairros/oeste/liberdade/Rua_Sergipe__1337_90.jpg", "theMost": "https://contribua.org/bairros/norte/centro/Rua_Doutor_Severino_Cruz__411__270.jpg"}"
N20479+2015-11-19T15:09:02.828684+556+61942+790++2015-11-19T15:09:02.828719+++"{"question": "seguro", "theLess": "https://contribua.org/bairros/norte/centro/Rua_Pedro_Alvares_Cabral__129_90.jpg", "theMost": "https://contribua.org/bairros/norte/centro/Avenida_Presidente_Joao_Pessoa__128__90.jpg"}"
N20491+2015-11-19T15:11:04.651890+556+61763+790++2015-11-19T15:11:04.651924+++"{"question": "agradavel", "theLess": "https://contribua.org/bairros/oeste/liberdade/Rua_Riachuelo__930__180.jpg", "theMost": "https://contribua.org/bairros/norte/centro/Rua_Coronel_Salvino_Figueiredo__251_90.jpg"}"
N20494+2015-11-19T15:11:45.948750+556+61359+790++2015-11-19T15:11:45.948784+++"{"question": "agradavel", "theLess": "https://contribua.org/bairros/norte/centro/Avenida_Presidente_Getulio_Vargas__271__270.jpg", "theMost": "https://contribua.org/bairros/oeste/catole/Rua_Luisa_Bezerra_Mota__246_90.jpg"}"
N20543+2015-11-19T20:02:40.050237+556+61375+862++2015-11-19T20:02:40.050273+++"{"question": "agradavel", "theLess": "https://contribua.org/bairros/oeste/liberdade/Rua_Espirito_Santo__1288__180.jpg", "theMost": "https://contribua.org/bairros/norte/centro/Rua_Elias_Aforas__67__180.jpg"}"
N20544+2015-11-19T20:02:50.571743+556+61524+862++2015-11-19T20:02:50.571780+++"{"question": "seguro", "theLess": "https://contribua.org/bairros/norte/centro/Avenida_Presidente_Getulio_Vargas__210__180.jpg", "theMost": "https://contribua.org/bairros/norte/centro/Rua_Manoel_P._de_Araujo__150_270.jpg"}"
N20592+2015-11-19T23:50:02.245015+556+61489+865++2015-11-19T23:50:02.245034+++"{"question": "agradavel", "theLess": "https://contribua.org/bairros/norte/centro/Rua_Joao_da_Mata__490_270.jpg", "theMost": "https://contribua.org/bairros/norte/centro/Rua_Coronel_Salvino_Figueiredo__251_270.jpg"}"
N20454+2015-11-19T15:05:08.985658+556+61638+790++2015-11-19T15:05:08.985692+++"{"question": "seguro", "theLess": "https://contribua.org/bairros/oeste/catole/Rua_Aluisio_Cunha_Linha__50__90.jpg", "theMost": "https://contribua.org/bairros/norte/centro/Rua_Augusto_Severo__71_90.jpg"}"
N20471+2015-11-19T15:07:53.463119+556+61378+790++2015-11-19T15:07:53.463151+++"{"question": "seguro", "theLess": "https://contribua.org/bairros/oeste/catole/Rua_Cristina_Procopio_da_Silva__62__270.jpg", "theMost": "https://contribua.org/bairros/norte/centro/Avenida_Presidente_Getulio_Vargas__395__90.jpg"}"
N20530+2015-11-19T19:59:14.572353+556+61529+862++2015-11-19T19:59:14.572388+++"{"question": "agradavel", "theLess": "https://contribua.org/bairros/norte/centro/Rua_Elias_Aforas__202_0.jpg", "theMost": "https://contribua.org/bairros/oeste/catole/Rua_Honorio_de_Melo__240__270.jpg"}"
N20468+2015-11-19T15:07:32.525480+556+61364+790++2015-11-19T15:07:32.525513+++"{"question": "seguro", "theLess": "https://contribua.org/bairros/oeste/catole/Rua_Doutor_Antonio_Telha__68__270.jpg", "theMost": "https://contribua.org/bairros/norte/centro/Avenida_Presidente_Getulio_Vargas__271__270.jpg"}"
N20469+2015-11-19T15:07:38.307052+556+61266+790++2015-11-19T15:07:38.307091+++"{"question": "seguro", "theLess": "https://contribua.org/bairros/oeste/liberdade/Rua_Edesio_Silva__602__0.jpg", "theMost": "https://contribua.org/bairros/norte/centro/Rua_Augusto_Severo__71_90.jpg"}"
N20472+2015-11-19T15:08:01.313794+556+61556+790++2015-11-19T15:08:01.313828+++"{"question": "seguro", "theLess": "https://contribua.org/bairros/oeste/catole/Rua_Aluisio_Cunha_Linha__50__270.jpg", "theMost": "https://contribua.org/bairros/oeste/catole/Rua_Vigario_Calixto__1201_180.jpg"}"
N20473+2015-11-19T15:08:11.868321+556+61815+790++2015-11-19T15:08:11.868356+++"{"question": "agradavel", "theLess": "https://contribua.org/bairros/norte/centro/Avenida_Dom_Pedro_II__119_270.jpg", "theMost": "https://contribua.org/bairros/oeste/catole/Rua_Olegario_Mariano__139_270.jpg"}"
N20474+2015-11-19T15:08:21.932206+556+61906+790++2015-11-19T15:08:21.932250+++"{"question": "seguro", "theLess": "https://contribua.org/bairros/oeste/catole/Rua_Sebastiao_Vieira_da_Silva__1273__0.jpg", "theMost": "https://contribua.org/bairros/oeste/catole/Rua_Olegario_Mariano__139_180.jpg"}"
N20495+2015-11-19T15:59:09.188833+556+61891+599++2015-11-19T15:59:09.188868+++"{"question": "agradavel", "theLess": "https://contribua.org/bairros/oeste/catole/Rua_Cristina_Procopio_da_Silva__62__270.jpg", "theMost": "https://contribua.org/bairros/oeste/catole/Rua_Olegario_Mariano__139_180.jpg"}"
N20503+2015-11-19T16:00:30.882473+556+61848+599++2015-11-19T16:00:30.882507+++"{"question": "seguro", "theLess": "https://contribua.org/bairros/oeste/liberdade/Rua_Sergipe__1337_90.jpg", "theMost": "https://contribua.org/bairros/norte/centro/Rua_Felix_Araujo__48__270.jpg"}"
N20504+2015-11-19T16:00:42.168067+556+61454+599++2015-11-19T16:00:42.168102+++"{"question": "seguro", "theLess": "https://contribua.org/bairros/oeste/liberdade/Rua_Espirito_Santo__1288__180.jpg", "theMost": "https://contribua.org/bairros/oeste/liberdade/Rua_Odon_Bezerra__388__90.jpg"}"
N20506+2015-11-19T16:01:05.351952+556+61864+599++2015-11-19T16:01:05.351990+++"{"question": "seguro", "theLess": "https://contribua.org/bairros/oeste/liberdade/Rua_Padre_Pedro_Serrao__207__270.jpg", "theMost": "https://contribua.org/bairros/norte/centro/Avenida_Presidente_Getulio_Vargas__271__90.jpg"}"
N20508+2015-11-19T16:01:22.745990+556+61526+599++2015-11-19T16:01:22.746024+++"{"question": "seguro", "theLess": "https://contribua.org/bairros/oeste/liberdade/Rua_Severino_Pimentel__511_270.jpg", "theMost": "https://contribua.org/bairros/norte/centro/Rua_Manoel_P._de_Araujo__150_270.jpg"}"
N20512+2015-11-19T16:02:24.302680+556+61649+599++2015-11-19T16:02:24.302713+++"{"question": "agradavel", "theLess": "https://contribua.org/bairros/oeste/liberdade/Rua_Riachuelo__455__0.jpg", "theMost": "https://contribua.org/bairros/norte/centro/Rua_Felix_Araujo__132__270.jpg"}"
N20513+2015-11-19T16:02:37.806789+556+61327+599++2015-11-19T16:02:37.806821+++"{"question": "agradavel", "theLess": "https://contribua.org/bairros/norte/centro/Rua_Manoel_P._de_Araujo__150_90.jpg", "theMost": "https://contribua.org/bairros/oeste/liberdade/Rua_Espirito_Santo__1288__0.jpg"}"
N20519+2015-11-19T19:38:59.221537+556+61394+599++2015-11-19T19:38:59.221570+++"{"question": "seguro", "theLess": "https://contribua.org/bairros/oeste/catole/Rua_Vigario_Calixto__1201_180.jpg", "theMost": "https://contribua.org/bairros/norte/centro/Avenida_Dom_Pedro_II__119_90.jpg"}"
N20521+2015-11-19T19:40:20.866497+556+61525+599++2015-11-19T19:40:20.866530+++"{"question": "agradavel", "theLess": "https://contribua.org/bairros/norte/centro/Rua_Manoel_P._de_Araujo__150_270.jpg", "theMost": "https://contribua.org/bairros/oeste/catole/Rua_Luisa_Bezerra_Mota__246_90.jpg"}"
N20527+2015-11-19T19:42:43.682725+556+61910+599++2015-11-19T19:42:43.682759+++"{"question": "seguro", "theLess": "https://contribua.org/bairros/oeste/catole/Rua_Doutor_Antonio_Telha__68__90.jpg", "theMost": "https://contribua.org/bairros/oeste/liberdade/Rua_Espirito_Santo__1288__0.jpg"}"
N20554+2015-11-19T20:05:01.669980+556+61367+862++2015-11-19T20:05:01.670017+++"{"question": "agradavel", "theLess": "https://contribua.org/bairros/norte/centro/Avenida_Presidente_Getulio_Vargas__271__270.jpg", "theMost": "https://contribua.org/bairros/oeste/liberdade/Rua_Odon_Bezerra__147_90.jpg"}"
N20555+2015-11-19T20:05:11.748943+556+61772+862++2015-11-19T20:05:11.748977+++"{"question": "seguro", "theLess": "https://contribua.org/bairros/norte/centro/Rua_Manoel_P._de_Araujo__370_180.jpg", "theMost": "https://contribua.org/bairros/norte/centro/Rua_Quebra_Quilos__399__270.jpg"}"
N20564+2015-11-19T20:10:02.607446+556+61462+862++2015-11-19T20:10:02.607481+++"{"question": "seguro", "theLess": "https://contribua.org/bairros/oeste/liberdade/Rua_Espirito_Santo__1288__180.jpg", "theMost": "https://contribua.org/bairros/norte/centro/Avenida_Presidente_Joao_Pessoa__128__90.jpg"}"
N20569+2015-11-19T20:17:31.055601+556+61295+863++2015-11-19T20:17:31.055637+++"{"question": "agradavel", "theLess": "https://contribua.org/bairros/norte/centro/Avenida_Barao_Rio_Branco__141_90.jpg", "theMost": "https://contribua.org/bairros/norte/centro/Rua_Manoel_P._de_Araujo__150_90.jpg"}"
N20585+2015-11-19T20:20:51.876655+556+61385+863++2015-11-19T20:20:51.876687+++"{"question": "agradavel", "theLess": "https://contribua.org/bairros/oeste/catole/Rua_Aluisio_Cunha_Linha__50__90.jpg", "theMost": "https://contribua.org/bairros/oeste/liberdade/Rua_Riachuelo__455__180.jpg"}"
N20596+2015-11-20T02:19:17.901515+556+61626+868++2015-11-20T02:19:17.901550+++"{"question": "seguro", "theLess": "https://contribua.org/bairros/oeste/liberdade/Rua_Espirito_Santo__1288__180.jpg", "theMost": "https://contribua.org/bairros/norte/centro/Rua_Augusto_Severo__71_90.jpg"}"
N20597+2015-11-20T02:19:45.846709+556+61848+868++2015-11-20T02:19:45.846748+++"{"question": "seguro", "theLess": "https://contribua.org/bairros/oeste/liberdade/Rua_Sergipe__1337_90.jpg", "theMost": "https://contribua.org/bairros/norte/centro/Rua_Felix_Araujo__48__270.jpg"}"
N20607+2015-11-20T18:51:24.474848+556+61865+641++2015-11-20T18:51:24.474868+++"{"question": "agradavel", "theLess": "https://contribua.org/bairros/oeste/liberdade/Rua_Severino_Pimentel__511_90.jpg", "theMost": "https://contribua.org/bairros/norte/centro/Avenida_Presidente_Joao_Pessoa__128__90.jpg"}"
N20610+2015-11-20T18:51:54.382803+556+61713+641++2015-11-20T18:51:54.382836+++"{"question": "agradavel", "theLess": "https://contribua.org/bairros/oeste/liberdade/Rua_Severino_Pimentel__511_90.jpg", "theMost": "https://contribua.org/bairros/norte/centro/Rua_Pedro_Alvares_Cabral__129_90.jpg"}"
N20614+2015-11-20T18:52:31.439296+556+61553+641++2015-11-20T18:52:31.439330+++"{"question": "agradavel", "theLess": "https://contribua.org/bairros/norte/centro/Rua_Manoel_P._de_Araujo__150_270.jpg", "theMost": "https://contribua.org/bairros/oeste/liberdade/Avenida_Assis_Chateaubriand__1334__180.jpg"}"
N20600+2015-11-20T12:39:07.427804+556+61753+640++2015-11-20T12:39:07.427845+++"{"question": "agradavel", "theLess": "https://contribua.org/bairros/oeste/liberdade/Rua_Odon_Bezerra__388__270.jpg", "theMost": "https://contribua.org/bairros/oeste/catole/Rua_Joao_Francisco_Mota__64__90.jpg"}"
N20605+2015-11-20T12:40:40.780789+556+61551+640++2015-11-20T12:40:40.780824+++"{"question": "agradavel", "theLess": "https://contribua.org/bairros/oeste/catole/Rua_Doutor_Antonio_Telha__235_0.jpg", "theMost": "https://contribua.org/bairros/oeste/catole/Avenida_Prefeito_Severino_Bezerra_Cabral__218_90.jpg"}"
N20616+2015-11-21T16:32:22.649860+556+61723+599++2015-11-21T16:32:22.649893+++"{"question": "agradavel", "theLess": "https://contribua.org/bairros/oeste/liberdade/Rua_Sergipe__1337_90.jpg", "theMost": "https://contribua.org/bairros/norte/centro/Avenida_Barao_Rio_Branco__141_270.jpg"}"
N20617+2015-11-21T16:40:51.604230+556+61825+599++2015-11-21T16:40:51.604273+++"{"question": "agradavel", "theLess": "https://contribua.org/bairros/oeste/catole/Rua_Vigario_Calixto__1201_0.jpg", "theMost": "https://contribua.org/bairros/oeste/liberdade/Rua_Riachuelo__847__180.jpg"}"
N20618+2015-11-21T16:45:08.487026+556+61687+872++2015-11-21T16:45:08.487059+++"{"question": "agradavel", "theLess": "https://contribua.org/bairros/oeste/liberdade/Rua_Sergipe__1337_90.jpg", "theMost": "https://contribua.org/bairros/oeste/liberdade/Avenida_Assis_Chateaubriand__1334__180.jpg"}"
N20623+2015-11-22T16:09:23.888808+556+61761+774++2015-11-22T16:09:23.888859+++"{"question": "agradavel", "theLess": "https://contribua.org/bairros/norte/centro/Rua_Coronel_Salvino_Figueiredo__251_90.jpg", "theMost": "https://contribua.org/bairros/oeste/catole/Rua_Luisa_Bezerra_Mota__246_270.jpg"}"
N20628+2015-11-23T02:19:37.580365+556+61769+813++2015-11-23T02:19:37.580399+++"{"question": "agradavel", "theLess": "https://contribua.org/bairros/oeste/catole/Rua_Deputado_Ascendino_Moura__101__90.jpg", "theMost": "https://contribua.org/bairros/norte/centro/Rua_Pedro_Alvares_Cabral__129_180.jpg"}"
N20630+2015-11-23T02:20:16.448500+556+61356+813++2015-11-23T02:20:16.448535+++"{"question": "seguro", "theLess": "https://contribua.org/bairros/norte/centro/Rua_Augusto_Severo__71_90.jpg", "theMost": "https://contribua.org/bairros/norte/centro/Rua_Manoel_P._de_Araujo__370_0.jpg"}"
N20633+2015-11-23T02:20:39.992486+556+61476+813++2015-11-23T02:20:39.992519+++"{"question": "seguro", "theLess": "https://contribua.org/bairros/oeste/catole/Rua_Otacilio_Nepomuceno__76_0.jpg", "theMost": "https://contribua.org/bairros/norte/centro/Rua_Joao_da_Mata__490_270.jpg"}"
N20637+2015-11-23T13:48:15.813984+556+61409+599++2015-11-23T13:48:15.814018+++"{"question": "agradavel", "theLess": "https://contribua.org/bairros/norte/centro/Rua_Capitao_Joao_de_Sa__45__180.jpg", "theMost": "https://contribua.org/bairros/oeste/catole/Rua_Honorio_de_Melo__240__90.jpg"}"
N20639+2015-11-23T13:48:50.578618+556+61943+599++2015-11-23T13:48:50.578653+++"{"question": "agradavel", "theLess": "https://contribua.org/bairros/norte/centro/Rua_Quebra_Quilos__399__90.jpg", "theMost": "https://contribua.org/bairros/oeste/catole/Rua_Olegario_Mariano__139_270.jpg"}"
N20642+2015-11-23T13:49:34.817135+556+61348+599++2015-11-23T13:49:34.817172+++"{"question": "seguro", "theLess": "https://contribua.org/bairros/oeste/catole/Rua_Vigario_Calixto__1201_0.jpg", "theMost": "https://contribua.org/bairros/oeste/liberdade/Rua_Odon_Bezerra__147_90.jpg"}"
N20647+2015-11-23T17:51:01.961458+556+61577+873++2015-11-23T17:51:01.961493+++"{"question": "agradavel", "theLess": "https://contribua.org/bairros/norte/centro/Rua_Joao_da_Mata__490_90.jpg", "theMost": "https://contribua.org/bairros/norte/centro/Rua_Elias_Aforas__67__180.jpg"}"
N20650+2015-11-23T17:53:45.215289+556+61565+873++2015-11-23T17:53:45.215322+++"{"question": "agradavel", "theLess": "https://contribua.org/bairros/oeste/liberdade/Rua_Odon_Bezerra__306_270.jpg", "theMost": "https://contribua.org/bairros/oeste/catole/Rua_Olegario_Mariano__139_0.jpg"}"
N20652+2015-11-24T12:25:53.926609+556+61705+599++2015-11-24T12:25:53.926648+++"{"question": "agradavel", "theLess": "https://contribua.org/bairros/norte/centro/Avenida_Dom_Pedro_II__500_270.jpg", "theMost": "https://contribua.org/bairros/oeste/catole/Rua_Doutor_Antonio_Telha_-_Catole__Campina_Grande__90.jpg"}"
N20656+2015-11-24T13:37:11.580509+556+61925+516++2015-11-24T13:37:11.580548+++"{"question": "agradavel", "theLess": "https://contribua.org/bairros/norte/centro/Rua_Manoel_P._de_Araujo__370_0.jpg", "theMost": "https://contribua.org/bairros/oeste/catole/Rua_Doutor_Antonio_Telha__68__90.jpg"}"
N20706+2015-12-01T12:21:20.564636+556+61686+599++2015-12-01T12:21:20.564677+++"{"question": "seguro", "theLess": "https://contribua.org/bairros/oeste/liberdade/Rua_Santa_Catarina__1231__180.jpg", "theMost": "https://contribua.org/bairros/norte/centro/Avenida_Presidente_Getulio_Vargas__395__90.jpg"}"
N20708+2015-12-01T12:21:44.276577+556+61590+599++2015-12-01T12:21:44.276613+++"{"question": "seguro", "theLess": "https://contribua.org/bairros/norte/centro/Rua_Capitao_Joao_de_Sa__45__0.jpg", "theMost": "https://contribua.org/bairros/norte/centro/Avenida_Presidente_Getulio_Vargas__271__90.jpg"}"
N20721+2015-12-01T20:14:03.919936+556+61736+876++2015-12-01T20:14:03.919971+++"{"question": "seguro", "theLess": "https://contribua.org/bairros/oeste/liberdade/Rua_Sergipe__1337_90.jpg", "theMost": "https://contribua.org/bairros/norte/centro/Avenida_Presidente_Getulio_Vargas__210__180.jpg"}"
N20723+2015-12-01T20:15:51.655372+556+61585+876++2015-12-01T20:15:51.655409+++"{"question": "agradavel", "theLess": "https://contribua.org/bairros/oeste/liberdade/Rua_Espirito_Santo__1288__180.jpg", "theMost": "https://contribua.org/bairros/norte/centro/Rua_Doutor_Severino_Cruz__411__270.jpg"}"
N20751+2015-12-04T12:19:18.631989+556+61948+599++2015-12-04T12:19:18.632022+++"{"question": "seguro", "theLess": "https://contribua.org/bairros/oeste/liberdade/Rua_Severino_Pimentel__439__180.jpg", "theMost": "https://contribua.org/bairros/oeste/catole/Rua_Olegario_Mariano__139_270.jpg"}"
N20727+2015-12-01T20:17:28.295265+556+61841+876++2015-12-01T20:17:28.295300+++"{"question": "agradavel", "theLess": "https://contribua.org/bairros/oeste/liberdade/Rua_Edesio_Silva__602__0.jpg", "theMost": "https://contribua.org/bairros/norte/centro/Avenida_Dom_Pedro_II__500_270.jpg"}"
N20729+2015-12-01T20:17:49.780161+556+61730+876++2015-12-01T20:17:49.780185+++"{"question": "seguro", "theLess": "https://contribua.org/bairros/oeste/liberdade/Rua_Sergipe__1337_90.jpg", "theMost": "https://contribua.org/bairros/oeste/catole/Rua_Vigario_Calixto__1201_180.jpg"}"
N20739+2015-12-02T00:32:38.960848+556+61776+877++2015-12-02T00:32:38.960882+++"{"question": "seguro", "theLess": "https://contribua.org/bairros/norte/centro/Rua_Capitao_Joao_de_Sa__45__180.jpg", "theMost": "https://contribua.org/bairros/norte/centro/Rua_Quebra_Quilos__399__90.jpg"}"
N20746+2015-12-03T20:11:13.764440+556+61788+762++2015-12-03T20:11:13.764475+++"{"question": "seguro", "theLess": "https://contribua.org/bairros/oeste/liberdade/Rua_Espirito_Santo__1288__0.jpg", "theMost": "https://contribua.org/bairros/norte/centro/Avenida_Presidente_Joao_Pessoa__128__90.jpg"}"
N20768+2015-12-11T19:04:58.659635+556+61591+881++2015-12-11T19:04:58.659656+++"{"question": "agradavel", "theLess": "https://contribua.org/bairros/oeste/catole/Rua_Doutor_Antonio_Telha_-_Catole__Campina_Grande__90.jpg", "theMost": "https://contribua.org/bairros/oeste/catole/Avenida_Prefeito_Severino_Bezerra_Cabral__218_0.jpg"}"
N20783+2016-01-06T12:54:42.122790+556+61594+599++2016-01-06T12:54:42.122826+++"{"question": "seguro", "theLess": "https://contribua.org/bairros/oeste/catole/Rua_Doutor_Antonio_Telha__235_180.jpg", "theMost": "https://contribua.org/bairros/norte/centro/Rua_Joao_da_Mata__490_90.jpg"}"
N20788+2016-01-21T14:40:53.965602+556+61327+883++2016-01-21T14:40:53.965635+++"{"question": "agradavel", "theLess": "https://contribua.org/bairros/oeste/catole/Rua_Sebastiao_Vieira_da_Silva__1273__180.jpg", "theMost": "https://contribua.org/bairros/oeste/liberdade/Rua_Espirito_Santo__1288__0.jpg"}"
N20796+2016-01-21T14:44:32.827384+556+61749+883++2016-01-21T14:44:32.827418+++"{"question": "agradavel", "theLess": "https://contribua.org/bairros/oeste/liberdade/Rua_Riachuelo__455__0.jpg", "theMost": "https://contribua.org/bairros/norte/centro/Avenida_Presidente_Getulio_Vargas__210__180.jpg"}"
N20804+2016-01-21T14:46:28.185079+556+61647+883++2016-01-21T14:46:28.185137+++"{"question": "agradavel", "theLess": "https://contribua.org/bairros/norte/centro/Rua_Manoel_P._de_Araujo__370_0.jpg", "theMost": "https://contribua.org/bairros/norte/centro/Avenida_Presidente_Getulio_Vargas__395__90.jpg"}"
N20820+2016-01-21T14:50:02.508558+556+61674+883++2016-01-21T14:50:02.508590+++"{"question": "seguro", "theLess": "https://contribua.org/bairros/oeste/liberdade/Rua_Severino_Pimentel__321__0.jpg", "theMost": "https://contribua.org/bairros/norte/centro/Avenida_Dom_Pedro_II__500_90.jpg"}"
N20810+2016-01-21T14:47:47.624566+556+61762+883++2016-01-21T14:47:47.624599+++"{"question": "seguro", "theLess": "https://contribua.org/bairros/norte/centro/Rua_Coronel_Salvino_Figueiredo__251_90.jpg", "theMost": "https://contribua.org/bairros/norte/centro/Rua_Felix_Araujo__48__270.jpg"}"
N20812+2016-01-21T14:48:14.099876+556+61601+883++2016-01-21T14:48:14.099911+++"{"question": "agradavel", "theLess": "https://contribua.org/bairros/norte/centro/Rua_Manoel_P._de_Araujo__370_0.jpg", "theMost": "https://contribua.org/bairros/oeste/liberdade/Rua_Riachuelo__930__0.jpg"}"
N20825+2016-01-21T14:51:21.187746+556+61781+883++2016-01-21T14:51:21.187780+++"{"question": "agradavel", "theLess": "https://contribua.org/bairros/norte/centro/Rua_Capitao_Joao_de_Sa__45__180.jpg", "theMost": "https://contribua.org/bairros/oeste/catole/Rua_Cristina_Procopio_da_Silva__62__90.jpg"}"
N20849+2016-01-26T16:16:15.621919+556+61573+762++2016-01-26T16:16:15.621954+++"{"question": "agradavel", "theLess": "https://contribua.org/bairros/norte/centro/Rua_Elias_Aforas__202_0.jpg", "theMost": "https://contribua.org/bairros/oeste/liberdade/Rua_Odon_Bezerra__306_270.jpg"}"
N20877+2016-02-01T19:32:43.923901+556+61680+762++2016-02-01T19:32:43.923943+++"{"question": "seguro", "theLess": "https://contribua.org/bairros/oeste/catole/Rua_Sebastiao_Vieira_da_Silva__1273__0.jpg", "theMost": "https://contribua.org/bairros/oeste/liberdade/Rua_Odon_Bezerra__306_90.jpg"}"
N21053+2016-05-06T13:38:25.345581+556+61437+900++2016-05-06T13:38:25.345616+++"{"question": "agradavel", "theLess": "https://contribua.org/bairros/norte/centro/Rua_Manoel_P._de_Araujo__370_180.jpg", "theMost": "https://contribua.org/bairros/oeste/catole/Rua_Doutor_Antonio_Telha__235_180.jpg"}"
N21055+2016-05-13T10:42:28.283656+556+61309+670++2016-05-13T10:42:28.283698+++"{"question": "agradavel", "theLess": "https://contribua.org/bairros/oeste/liberdade/Rua_Edesio_Silva__602__180.jpg", "theMost": "https://contribua.org/bairros/norte/centro/Avenida_Barao_Rio_Branco__141_90.jpg"}"
N21058+2016-05-13T10:44:02.229252+556+61783+670++2016-05-13T10:44:02.229289+++"{"question": "agradavel", "theLess": "https://contribua.org/bairros/norte/centro/Rua_Capitao_Joao_de_Sa__45__180.jpg", "theMost": "https://contribua.org/bairros/norte/centro/Avenida_Presidente_Getulio_Vargas__210__180.jpg"}"
N21062+2016-05-13T10:48:49.149032+556+61467+670++2016-05-13T10:48:49.149066+++"{"question": "agradavel", "theLess": "equal", "theMost": "equal"}"
N21065+2016-05-13T10:49:45.177855+556+61839+670++2016-05-13T10:49:45.177890+++"{"question": "agradavel", "theLess": "https://contribua.org/bairros/oeste/catole/Rua_Cristina_Procopio_da_Silva__62__270.jpg", "theMost": "https://contribua.org/bairros/oeste/liberdade/Rua_Edesio_Silva__602__0.jpg"}"
N21068+2016-05-13T10:50:45.376245+556+61621+670++2016-05-13T10:50:45.376281+++"{"question": "agradavel", "theLess": "https://contribua.org/bairros/norte/centro/Rua_Augusto_Severo__71_90.jpg", "theMost": "https://contribua.org/bairros/norte/centro/Rua_Quebra_Quilos__399__270.jpg"}"
N21070+2016-05-13T10:51:21.614617+556+61818+670++2016-05-13T10:51:21.614650+++"{"question": "seguro", "theLess": "https://contribua.org/bairros/oeste/liberdade/Rua_Severino_Pimentel__511_90.jpg", "theMost": "https://contribua.org/bairros/oeste/catole/Rua_Joao_Francisco_Mota__64__90.jpg"}"
N21071+2016-05-13T10:51:39.907975+556+61673+670++2016-05-13T10:51:39.907990+++"{"question": "agradavel", "theLess": "https://contribua.org/bairros/oeste/liberdade/Rua_Severino_Pimentel__321__0.jpg", "theMost": "https://contribua.org/bairros/norte/centro/Avenida_Dom_Pedro_II__500_90.jpg"}"
N21072+2016-05-13T10:52:01.085018+556+61434+670++2016-05-13T10:52:01.085053+++"{"question": "seguro", "theLess": "https://contribua.org/bairros/oeste/liberdade/Avenida_Assis_Chateaubriand__1334__0.jpg", "theMost": "https://contribua.org/bairros/norte/centro/Rua_Quebra_Quilos__399__90.jpg"}"
N21074+2016-05-13T10:52:43.256176+556+61471+670++2016-05-13T10:52:43.256211+++"{"question": "agradavel", "theLess": "https://contribua.org/bairros/norte/centro/Rua_Elias_Aforas__202_0.jpg", "theMost": "https://contribua.org/bairros/norte/centro/Avenida_Presidente_Getulio_Vargas__271__270.jpg"}"
N21075+2016-05-13T10:53:00.969810+556+61554+670++2016-05-13T10:53:00.969845+++"{"question": "seguro", "theLess": "https://contribua.org/bairros/oeste/liberdade/Avenida_Assis_Chateaubriand__1334__180.jpg", "theMost": "https://contribua.org/bairros/norte/centro/Rua_Manoel_P._de_Araujo__150_270.jpg"}"
N21096+2016-05-21T19:24:04.217469+556+61789+670++2016-05-21T19:24:04.217502+++"{"question": "agradavel", "theLess": "https://contribua.org/bairros/oeste/catole/Rua_Inacio_Marques_da_Silva__434_270.jpg", "theMost": "https://contribua.org/bairros/norte/centro/Rua_Doutor_Severino_Cruz__411__90.jpg"}"
N21101+2016-05-21T19:25:12.413641+556+61674+670++2016-05-21T19:25:12.413675+++"{"question": "seguro", "theLess": "https://contribua.org/bairros/norte/centro/Avenida_Presidente_Getulio_Vargas__210__0.jpg", "theMost": "https://contribua.org/bairros/oeste/liberdade/Rua_Severino_Pimentel__321__0.jpg"}"
N21102+2016-05-21T19:25:30.221960+556+61785+670++2016-05-21T19:25:30.221995+++"{"question": "agradavel", "theLess": "https://contribua.org/bairros/oeste/catole/Rua_Inacio_Marques_da_Silva__434_270.jpg", "theMost": "https://contribua.org/bairros/norte/centro/Rua_Pedro_Alvares_Cabral__129_180.jpg"}"
N21103+2016-05-21T19:25:46.594128+556+61923+670++2016-05-21T19:25:46.594162+++"{"question": "agradavel", "theLess": "https://contribua.org/bairros/oeste/catole/Rua_Olegario_Mariano__139_180.jpg", "theMost": "https://contribua.org/bairros/norte/centro/Rua_Pedro_Alvares_Cabral__129_180.jpg"}"
N21115+2016-06-02T18:03:58.336004+556+61334+775++2016-06-02T18:03:58.336038+++"{"question": "seguro", "theLess": "https://contribua.org/bairros/norte/centro/Rua_Capitao_Joao_de_Sa__45__180.jpg", "theMost": "https://contribua.org/bairros/norte/centro/Rua_Manoel_P._de_Araujo__150_90.jpg"}"
N21121+2016-06-02T18:05:16.842806+556+61936+775++2016-06-02T18:05:16.842840+++"{"question": "seguro", "theLess": "https://contribua.org/bairros/norte/centro/Rua_Coronel_Salvino_Figueiredo__251_270.jpg", "theMost": "https://contribua.org/bairros/oeste/liberdade/Rua_Riachuelo__847__0.jpg"}"
N21133+2016-06-09T19:03:43.012908+556+61367+904++2016-06-09T19:03:43.012943+++"{"question": "agradavel", "theLess": "https://contribua.org/bairros/oeste/liberdade/Rua_Odon_Bezerra__147_90.jpg", "theMost": "https://contribua.org/bairros/norte/centro/Avenida_Presidente_Getulio_Vargas__271__270.jpg"}"
N21167+2016-06-21T20:26:01.563274+556+61938+906++2016-06-21T20:26:01.563308+++"{"question": "seguro", "theLess": "https://contribua.org/bairros/oeste/liberdade/Rua_Riachuelo__847__0.jpg", "theMost": "https://contribua.org/bairros/norte/centro/Rua_Pedro_Alvares_Cabral__129_180.jpg"}"
N21169+2016-06-21T20:26:45.604569+556+61640+906++2016-06-21T20:26:45.604602+++"{"question": "seguro", "theLess": "https://contribua.org/bairros/norte/centro/Rua_Felix_Araujo__132__270.jpg", "theMost": "https://contribua.org/bairros/oeste/catole/Rua_Doutor_Antonio_Telha_-_Catole__Campina_Grande__270.jpg"}"
N21172+2016-06-21T20:27:25.339613+556+61725+906++2016-06-21T20:27:25.339653+++"{"question": "agradavel", "theLess": "https://contribua.org/bairros/oeste/liberdade/Rua_Sergipe__1337_90.jpg", "theMost": "https://contribua.org/bairros/oeste/catole/Rua_Otacilio_Nepomuceno__76_90.jpg"}"
N21183+2016-06-21T20:29:02.192606+556+61694+906++2016-06-21T20:29:02.192647+++"{"question": "seguro", "theLess": "https://contribua.org/bairros/norte/centro/Rua_Manoel_P._de_Araujo__370_180.jpg", "theMost": "https://contribua.org/bairros/norte/centro/Avenida_Dom_Pedro_II__119_270.jpg"}"
N21187+2016-06-21T20:29:45.565966+556+61689+906++2016-06-21T20:29:45.566007+++"{"question": "agradavel", "theLess": "https://contribua.org/bairros/oeste/liberdade/Rua_Padre_Pedro_Serrao__353__270.jpg", "theMost": "https://contribua.org/bairros/norte/centro/Avenida_Presidente_Getulio_Vargas__395__90.jpg"}"
N21211+2016-06-21T21:25:41.844009+556+61803+906++2016-06-21T21:25:41.844043+++"{"question": "agradavel", "theLess": "https://contribua.org/bairros/oeste/liberdade/Rua_Riachuelo__930__180.jpg", "theMost": "https://contribua.org/bairros/norte/centro/Avenida_Barao_Rio_Branco__141_270.jpg"}"
N21195+2016-06-21T20:31:51.427535+556+61546+906++2016-06-21T20:31:51.427572+++"{"question": "seguro", "theLess": "https://contribua.org/bairros/oeste/catole/Rua_Doutor_Antonio_Telha__235_0.jpg", "theMost": "https://contribua.org/bairros/norte/centro/Avenida_Presidente_Getulio_Vargas__271__90.jpg"}"
N21206+2016-06-21T21:24:48.887104+556+61412+906++2016-06-21T21:24:48.887142+++"{"question": "seguro", "theLess": "https://contribua.org/bairros/oeste/liberdade/Rua_Edesio_Silva__602__0.jpg", "theMost": "https://contribua.org/bairros/oeste/catole/Rua_Honorio_de_Melo__240__90.jpg"}"
N21207+2016-06-21T21:25:04.512483+556+61395+906++2016-06-21T21:25:04.512518+++"{"question": "agradavel", "theLess": "https://contribua.org/bairros/oeste/liberdade/Rua_Acre__635_270.jpg", "theMost": "https://contribua.org/bairros/oeste/catole/Rua_Olegario_Mariano__139_0.jpg"}"
N21222+2016-06-21T21:27:28.332400+556+61734+906++2016-06-21T21:27:28.332435+++"{"question": "seguro", "theLess": "https://contribua.org/bairros/oeste/liberdade/Rua_Sergipe__1337_90.jpg", "theMost": "https://contribua.org/bairros/norte/centro/Rua_Felix_Araujo__48__270.jpg"}"
N21225+2016-06-21T21:27:51.644378+556+61930+906++2016-06-21T21:27:51.644415+++"{"question": "seguro", "theLess": "https://contribua.org/bairros/oeste/catole/Rua_Deputado_Ascendino_Moura__101__90.jpg", "theMost": "https://contribua.org/bairros/oeste/liberdade/Rua_Padre_Pedro_Serrao__336__270.jpg"}"
N21228+2016-06-21T21:28:18.670129+556+61541+906++2016-06-21T21:28:18.670164+++"{"question": "agradavel", "theLess": "https://contribua.org/bairros/oeste/liberdade/Rua_Acre__635_270.jpg", "theMost": "https://contribua.org/bairros/norte/centro/Avenida_Presidente_Joao_Pessoa__128__180.jpg"}"
N21217+2016-06-21T21:26:38.384687+556+61288+906++2016-06-21T21:26:38.384721+++"{"question": "seguro", "theLess": "https://contribua.org/bairros/norte/centro/Rua_Manoel_P._de_Araujo__370_180.jpg", "theMost": "https://contribua.org/bairros/norte/centro/Avenida_Barao_Rio_Branco__141_90.jpg"}"
N21230+2016-06-21T21:40:31.766438+556+61537+906++2016-06-21T21:40:31.766476+++"{"question": "agradavel", "theLess": "https://contribua.org/bairros/norte/centro/Rua_Capitao_Joao_de_Sa__45__180.jpg", "theMost": "https://contribua.org/bairros/norte/centro/Avenida_Presidente_Joao_Pessoa__128__180.jpg"}"
N21233+2016-06-22T11:47:17.305607+556+61714+676++2016-06-22T11:47:17.305641+++"{"question": "seguro", "theLess": "https://contribua.org/bairros/norte/centro/Rua_Pedro_Alvares_Cabral__129_90.jpg", "theMost": "https://contribua.org/bairros/oeste/catole/Rua_Joao_Francisco_Mota__64__270.jpg"}"
N21238+2016-06-22T11:48:06.457310+556+61403+676++2016-06-22T11:48:06.457343+++"{"question": "agradavel", "theLess": "https://contribua.org/bairros/norte/centro/Rua_Felix_Araujo__132__90.jpg", "theMost": "https://contribua.org/bairros/norte/centro/Rua_Doutor_Severino_Cruz__411__90.jpg"}"
N21239+2016-06-22T11:48:17.032017+556+61328+676++2016-06-22T11:48:17.032034+++"{"question": "seguro", "theLess": "https://contribua.org/bairros/norte/centro/Rua_Manoel_P._de_Araujo__150_90.jpg", "theMost": "https://contribua.org/bairros/oeste/liberdade/Rua_Espirito_Santo__1288__0.jpg"}"
N21247+2016-06-22T11:49:42.006141+556+61382+676++2016-06-22T11:49:42.006175+++"{"question": "seguro", "theLess": "https://contribua.org/bairros/norte/centro/Rua_Pedro_Alvares_Cabral__129_90.jpg", "theMost": "https://contribua.org/bairros/oeste/catole/Rua_Aluisio_Cunha_Linha__50__90.jpg"}"
N21242+2016-06-22T11:48:58.414919+556+61899+676++2016-06-22T11:48:58.414954+++"{"question": "agradavel", "theLess": "https://contribua.org/bairros/norte/centro/Avenida_Dom_Pedro_II__119_270.jpg", "theMost": "https://contribua.org/bairros/norte/centro/Rua_Joao_da_Mata__490_90.jpg"}"
N21244+2016-06-22T11:49:18.257330+556+61599+676++2016-06-22T11:49:18.257363+++"{"question": "agradavel", "theLess": "https://contribua.org/bairros/norte/centro/Avenida_Presidente_Joao_Pessoa__128__90.jpg", "theMost": "https://contribua.org/bairros/oeste/catole/Rua_Joao_Francisco_Mota__64__90.jpg"}"
N21254+2016-07-06T10:42:36.972869+556+61652+908++2016-07-06T10:42:36.972904+++"{"question": "seguro", "theLess": "https://contribua.org/bairros/oeste/catole/Rua_Vigario_Calixto__1201_180.jpg", "theMost": "https://contribua.org/bairros/norte/centro/Rua_Elias_Aforas__202_0.jpg"}"
N21269+2016-07-06T10:49:47.240160+556+61900+908++2016-07-06T10:49:47.240195+++"{"question": "seguro", "theLess": "https://contribua.org/bairros/norte/centro/Avenida_Presidente_Getulio_Vargas__210__180.jpg", "theMost": "https://contribua.org/bairros/norte/centro/Avenida_Dom_Pedro_II__119_270.jpg"}"
N21276+2016-07-06T10:52:29.713673+556+61354+908++2016-07-06T10:52:29.713707+++"{"question": "seguro", "theLess": "https://contribua.org/bairros/norte/centro/Avenida_Presidente_Getulio_Vargas__271__270.jpg", "theMost": "https://contribua.org/bairros/oeste/liberdade/Rua_Acre__635_90.jpg"}"
N21278+2016-07-06T10:53:05.535438+556+61777+908++2016-07-06T10:53:05.535472+++"{"question": "agradavel", "theLess": "https://contribua.org/bairros/norte/centro/Rua_Capitao_Joao_de_Sa__45__180.jpg", "theMost": "https://contribua.org/bairros/oeste/liberdade/Rua_Severino_Pimentel__511_90.jpg"}"
N21329+2016-07-26T20:54:40.813196+556+61316+909++2016-07-26T20:54:40.813229+++"{"question": "seguro", "theLess": "https://contribua.org/bairros/oeste/liberdade/Rua_Edesio_Silva__602__180.jpg", "theMost": "https://contribua.org/bairros/norte/centro/Rua_Capitao_Joao_de_Sa__45__0.jpg"}"
N21332+2016-07-26T20:55:36.244307+556+61931+909++2016-07-26T20:55:36.244503+++"{"question": "agradavel", "theLess": "equal", "theMost": "equal"}"
N21369+2016-07-28T04:56:57.447464+556+61643+526++2016-07-28T04:56:57.447499+++"{"question": "agradavel", "theLess": "https://contribua.org/bairros/norte/centro/Rua_Felix_Araujo__132__270.jpg", "theMost": "https://contribua.org/bairros/oeste/liberdade/Rua_Severino_Pimentel__511_90.jpg"}"
N21370+2016-07-28T04:57:24.860257+556+61770+526++2016-07-28T04:57:24.860294+++"{"question": "seguro", "theLess": "https://contribua.org/bairros/norte/centro/Rua_Coronel_Salvino_Figueiredo__251_90.jpg", "theMost": "https://contribua.org/bairros/norte/centro/Rua_Pedro_Alvares_Cabral__129_180.jpg"}"
N21371+2016-07-28T04:57:37.846687+556+61404+526++2016-07-28T04:57:37.846730+++"{"question": "seguro", "theLess": "https://contribua.org/bairros/norte/centro/Rua_Felix_Araujo__132__90.jpg", "theMost": "https://contribua.org/bairros/norte/centro/Rua_Doutor_Severino_Cruz__411__90.jpg"}"
N21372+2016-07-28T04:57:53.349266+556+61923+526++2016-07-28T04:57:53.349377+++"{"question": "agradavel", "theLess": "https://contribua.org/bairros/norte/centro/Rua_Manoel_P._de_Araujo__370_0.jpg", "theMost": "https://contribua.org/bairros/oeste/catole/Rua_Olegario_Mariano__139_180.jpg"}"
N21375+2016-07-28T04:59:05.957537+556+61524+526++2016-07-28T04:59:05.957570+++"{"question": "seguro", "theLess": "https://contribua.org/bairros/oeste/liberdade/Rua_Severino_Pimentel__439__180.jpg", "theMost": "https://contribua.org/bairros/norte/centro/Rua_Manoel_P._de_Araujo__150_270.jpg"}"
N21339+2016-07-28T04:36:03.311366+556+61846+526++2016-07-28T04:36:03.311400+++"{"question": "seguro", "theLess": "https://contribua.org/bairros/oeste/liberdade/Rua_Edesio_Silva__602__0.jpg", "theMost": "https://contribua.org/bairros/norte/centro/Rua_Quebra_Quilos__399__270.jpg"}"
N21344+2016-07-28T04:37:53.981092+556+61367+526++2016-07-28T04:37:53.981127+++"{"question": "agradavel", "theLess": "https://contribua.org/bairros/oeste/liberdade/Rua_Odon_Bezerra__147_90.jpg", "theMost": "https://contribua.org/bairros/oeste/liberdade/Rua_Padre_Pedro_Serrao__336__270.jpg"}"
N21363+2016-07-28T04:55:03.617263+556+61712+526++2016-07-28T04:55:03.617394+++"{"question": "seguro", "theLess": "https://contribua.org/bairros/norte/centro/Rua_Felix_Araujo__132__90.jpg", "theMost": "https://contribua.org/bairros/norte/centro/Avenida_Presidente_Joao_Pessoa__128__90.jpg"}"
N21366+2016-07-28T04:55:51.663909+556+61574+526++2016-07-28T04:55:51.663944+++"{"question": "seguro", "theLess": "https://contribua.org/bairros/norte/centro/Rua_Elias_Aforas__202_0.jpg", "theMost": "https://contribua.org/bairros/oeste/liberdade/Rua_Odon_Bezerra__306_270.jpg"}"
N21395+2016-07-28T05:05:50.819057+556+61767+526++2016-07-28T05:05:50.819091+++"{"question": "agradavel", "theLess": "https://contribua.org/bairros/norte/centro/Rua_Coronel_Salvino_Figueiredo__251_90.jpg", "theMost": "https://contribua.org/bairros/oeste/liberdade/Rua_Riachuelo__930__0.jpg"}"
N21407+2016-07-28T05:11:43.447678+556+61876+526++2016-07-28T05:11:43.447711+++"{"question": "seguro", "theLess": "https://contribua.org/bairros/oeste/liberdade/Rua_Santa_Catarina__1231__180.jpg", "theMost": "https://contribua.org/bairros/oeste/catole/Rua_Vigario_Calixto__1201_180.jpg"}"
N21417+2016-09-15T12:42:51.601726+556+61483+599++2016-09-15T12:42:51.601759+++"{"question": "agradavel", "theLess": "https://contribua.org/bairros/oeste/liberdade/Rua_Riachuelo__455__0.jpg", "theMost": "https://contribua.org/bairros/oeste/catole/Rua_Joao_Francisco_Mota__64__270.jpg"}"
N21428+2016-09-15T22:29:59.139449+556+61350+912++2016-09-15T22:29:59.139483+++"{"question": "seguro", "theLess": "equal", "theMost": "equal"}"
N21433+2016-09-15T23:30:33.922849+556+61586+913++2016-09-15T23:30:33.922883+++"{"question": "seguro", "theLess": "https://contribua.org/bairros/oeste/liberdade/Rua_Santa_Catarina__1231__180.jpg", "theMost": "https://contribua.org/bairros/norte/centro/Rua_Doutor_Severino_Cruz__411__270.jpg"}"
N21443+2016-09-15T23:33:24.913742+556+61291+913++2016-09-15T23:33:24.913775+++"{"question": "agradavel", "theLess": "https://contribua.org/bairros/norte/centro/Avenida_Barao_Rio_Branco__141_90.jpg", "theMost": "https://contribua.org/bairros/oeste/catole/Rua_Deputado_Ascendino_Moura__101__270.jpg"}"
N21446+2016-09-15T23:34:05.436266+556+61911+913++2016-09-15T23:34:05.436301+++"{"question": "agradavel", "theLess": "https://contribua.org/bairros/oeste/liberdade/Rua_Padre_Pedro_Serrao__207__90.jpg", "theMost": "https://contribua.org/bairros/oeste/catole/Rua_Olegario_Mariano__139_270.jpg"}"
N21450+2016-09-17T07:58:03.477584+556+61405+914++2016-09-17T07:58:03.477616+++"{"question": "agradavel", "theLess": "https://contribua.org/bairros/oeste/catole/Rua_Honorio_de_Melo__240__90.jpg", "theMost": "https://contribua.org/bairros/norte/centro/Rua_Quebra_Quilos__399__270.jpg"}"
N21451+2016-09-17T07:58:19.159116+556+61437+914++2016-09-17T07:58:19.159149+++"{"question": "agradavel", "theLess": "https://contribua.org/bairros/oeste/catole/Rua_Doutor_Antonio_Telha__235_180.jpg", "theMost": "https://contribua.org/bairros/norte/centro/Rua_Elias_Aforas__67__0.jpg"}"
N21464+2016-09-17T08:01:48.759123+556+61584+914++2016-09-17T08:01:48.759156+++"{"question": "seguro", "theLess": "https://contribua.org/bairros/oeste/catole/Avenida_Prefeito_Severino_Bezerra_Cabral__218_0.jpg", "theMost": "https://contribua.org/bairros/oeste/liberdade/Rua_Severino_Pimentel__321__180.jpg"}"
N21469+2016-09-17T08:02:56.972543+556+61587+914++2016-09-17T08:02:56.972579+++"{"question": "agradavel", "theLess": "https://contribua.org/bairros/norte/centro/Rua_Capitao_Joao_de_Sa__45__180.jpg", "theMost": "https://contribua.org/bairros/norte/centro/Rua_Augusto_Severo__71_90.jpg"}"
N21480+2016-09-17T08:04:32.704334+556+61936+914++2016-09-17T08:04:32.704368+++"{"question": "seguro", "theLess": "https://contribua.org/bairros/norte/centro/Rua_Coronel_Salvino_Figueiredo__251_270.jpg", "theMost": "https://contribua.org/bairros/oeste/liberdade/Rua_Espirito_Santo__1288__0.jpg"}"
N21483+2016-09-17T08:04:55.821413+556+61784+914++2016-09-17T08:04:55.821450+++"{"question": "seguro", "theLess": "https://contribua.org/bairros/oeste/catole/Rua_Sebastiao_Vieira_da_Silva__1273__0.jpg", "theMost": "https://contribua.org/bairros/norte/centro/Avenida_Presidente_Getulio_Vargas__210__180.jpg"}"
N21487+2016-09-17T08:05:39.072670+556+61755+914++2016-09-17T08:05:39.072704+++"{"question": "agradavel", "theLess": "https://contribua.org/bairros/oeste/catole/Rua_Sebastiao_Vieira_da_Silva__1273__180.jpg", "theMost": "https://contribua.org/bairros/oeste/catole/Rua_Luisa_Bezerra_Mota__246_270.jpg"}"
N21490+2016-09-17T08:06:01.475987+556+61577+914++2016-09-17T08:06:01.476021+++"{"question": "agradavel", "theLess": "https://contribua.org/bairros/oeste/catole/Rua_Inacio_Marques_da_Silva__434_270.jpg", "theMost": "https://contribua.org/bairros/norte/centro/Rua_Joao_da_Mata__490_90.jpg"}"
N21513+2016-09-17T08:09:44.379156+556+61490+914++2016-09-17T08:09:44.379189+++"{"question": "seguro", "theLess": "https://contribua.org/bairros/norte/centro/Rua_Joao_da_Mata__490_270.jpg", "theMost": "https://contribua.org/bairros/oeste/liberdade/Rua_Odon_Bezerra__388__90.jpg"}"
N21518+2016-09-17T08:10:33.279745+556+61650+914++2016-09-17T08:10:33.279780+++"{"question": "seguro", "theLess": "https://contribua.org/bairros/oeste/liberdade/Rua_Riachuelo__455__0.jpg", "theMost": "https://contribua.org/bairros/norte/centro/Rua_Felix_Araujo__132__270.jpg"}"
N21519+2016-09-17T08:10:38.519206+556+61407+914++2016-09-17T08:10:38.519239+++"{"question": "agradavel", "theLess": "https://contribua.org/bairros/oeste/catole/Rua_Vigario_Calixto__1201_180.jpg", "theMost": "https://contribua.org/bairros/norte/centro/Rua_Felix_Araujo__48__270.jpg"}"
N21521+2016-09-17T08:11:03.940877+556+61521+914++2016-09-17T08:11:03.940913+++"{"question": "agradavel", "theLess": "https://contribua.org/bairros/norte/centro/Rua_Augusto_Severo__71_0.jpg", "theMost": "https://contribua.org/bairros/norte/centro/Rua_Manoel_P._de_Araujo__150_270.jpg"}"
N21549+2016-09-17T08:16:24.699141+556+61803+914++2016-09-17T08:16:24.699179+++"{"question": "agradavel", "theLess": "https://contribua.org/bairros/norte/centro/Avenida_Barao_Rio_Branco__141_270.jpg", "theMost": "https://contribua.org/bairros/oeste/liberdade/Rua_Riachuelo__847__0.jpg"}"
N21533+2016-09-17T08:14:46.636157+556+61765+914++2016-09-17T08:14:46.636190+++"{"question": "agradavel", "theLess": "https://contribua.org/bairros/oeste/liberdade/Rua_Sergipe__1337_90.jpg", "theMost": "https://contribua.org/bairros/norte/centro/Avenida_Dom_Pedro_II__500_270.jpg"}"
N21538+2016-09-17T08:15:24.703532+556+61328+914++2016-09-17T08:15:24.703564+++"{"question": "seguro", "theLess": "https://contribua.org/bairros/oeste/catole/Rua_Sebastiao_Vieira_da_Silva__1273__180.jpg", "theMost": "https://contribua.org/bairros/norte/centro/Rua_Elias_Aforas__202_0.jpg"}"
N21541+2016-09-17T08:15:44.977777+556+61762+914++2016-09-17T08:15:44.977812+++"{"question": "seguro", "theLess": "https://contribua.org/bairros/norte/centro/Avenida_Barao_Rio_Branco__141_270.jpg", "theMost": "https://contribua.org/bairros/norte/centro/Rua_Felix_Araujo__48__270.jpg"}"
N21542+2016-09-17T08:15:50.989567+556+61496+914++2016-09-17T08:15:50.989602+++"{"question": "seguro", "theLess": "https://contribua.org/bairros/norte/centro/Rua_Joao_da_Mata__490_270.jpg", "theMost": "https://contribua.org/bairros/norte/centro/Avenida_Dom_Pedro_II__119_270.jpg"}"
N21543+2016-09-17T08:15:56.279527+556+61671+914++2016-09-17T08:15:56.279564+++"{"question": "agradavel", "theLess": "https://contribua.org/bairros/norte/centro/Rua_Augusto_Severo__71_0.jpg", "theMost": "https://contribua.org/bairros/norte/centro/Rua_Elias_Aforas__67__180.jpg"}"
N21554+2016-09-17T08:17:00.959377+556+61507+914++2016-09-17T08:17:00.959415+++"{"question": "agradavel", "theLess": "https://contribua.org/bairros/oeste/catole/Rua_Joao_Francisco_Mota__64__270.jpg", "theMost": "https://contribua.org/bairros/oeste/liberdade/Rua_Odon_Bezerra__147_90.jpg"}"
N21615+2016-09-17T09:11:37.033586+556+61407+915++2016-09-17T09:11:37.033620+++"{"question": "agradavel", "theLess": "equal", "theMost": "equal"}"
N21618+2016-09-17T09:12:34.204464+556+61352+915++2016-09-17T09:12:34.204497+++"{"question": "seguro", "theLess": "https://contribua.org/bairros/oeste/liberdade/Rua_Severino_Pimentel__321__180.jpg", "theMost": "https://contribua.org/bairros/oeste/liberdade/Rua_Odon_Bezerra__306_90.jpg"}"
N21574+2016-09-17T08:18:17.784713+556+61309+914++2016-09-17T08:18:17.784747+++"{"question": "agradavel", "theLess": "https://contribua.org/bairros/norte/centro/Avenida_Barao_Rio_Branco__141_90.jpg", "theMost": "https://contribua.org/bairros/oeste/liberdade/Rua_Edesio_Silva__602__0.jpg"}"
N21600+2016-09-17T08:19:55.143310+556+61545+914++2016-09-17T08:19:55.143344+++"{"question": "agradavel", "theLess": "https://contribua.org/bairros/norte/centro/Avenida_Presidente_Getulio_Vargas__271__90.jpg", "theMost": "https://contribua.org/bairros/norte/centro/Rua_Quebra_Quilos__399__270.jpg"}"
N21604+2016-09-17T08:20:53.142027+556+61673+914++2016-09-17T08:20:53.142061+++"{"question": "agradavel", "theLess": "https://contribua.org/bairros/oeste/liberdade/Rua_Severino_Pimentel__321__0.jpg", "theMost": "https://contribua.org/bairros/norte/centro/Avenida_Dom_Pedro_II__500_90.jpg"}"
N21612+2016-09-17T08:23:49.364357+556+61315+914++2016-09-17T08:23:49.364392+++"{"question": "agradavel", "theLess": "https://contribua.org/bairros/norte/centro/Rua_Capitao_Joao_de_Sa__45__0.jpg", "theMost": "https://contribua.org/bairros/oeste/catole/Rua_Otacilio_Nepomuceno__76_90.jpg"}"
N21624+2016-09-18T02:18:31.385607+556+61637+916++2016-09-18T02:18:31.385641+++"{"question": "agradavel", "theLess": "equal", "theMost": "equal"}"
N21625+2016-09-18T02:18:33.651619+556+61638+916++2016-09-18T02:18:33.651652+++"{"question": "seguro", "theLess": "equal", "theMost": "equal"}"
N21647+2016-09-18T02:20:36.464999+556+61924+916++2016-09-18T02:20:36.465033+++"{"question": "seguro", "theLess": "equal", "theMost": "equal"}"
N21620+2016-09-17T09:13:06.952781+556+61651+915++2016-09-17T09:13:06.952814+++"{"question": "agradavel", "theLess": "https://contribua.org/bairros/norte/centro/Rua_Elias_Aforas__202_0.jpg", "theMost": "https://contribua.org/bairros/oeste/liberdade/Rua_Padre_Pedro_Serrao__353__270.jpg"}"
N21632+2016-09-18T02:20:07.257761+556+61820+916++2016-09-18T02:20:07.257796+++"{"userProfile": {"city": "Campina Grande", "age": 20, "sex": "F", "rel": "solteiro", "educ": "graduacao", "neig": ["cat", "cen"], "clas": "media"}, "question": "seguro", "theLess": "equal", "theMost": "equal"}"
N21643+2016-09-18T02:20:28.656857+556+61402+916++2016-09-18T02:20:28.656891+++"{"question": "seguro", "theLess": "equal", "theMost": "equal"}"
N21651+2016-09-18T12:14:01.353030+556+61737+917++2016-09-18T12:14:01.353065+++"{"question": "agradavel", "theLess": "https://contribua.org/bairros/oeste/catole/Rua_Joao_Francisco_Mota__64__90.jpg", "theMost": "https://contribua.org/bairros/oeste/liberdade/Rua_Odon_Bezerra__388__90.jpg"}"
N21655+2016-09-18T12:15:02.579708+556+61497+917++2016-09-18T12:15:02.579740+++"{"question": "agradavel", "theLess": "https://contribua.org/bairros/norte/centro/Rua_Manoel_P._de_Araujo__370_180.jpg", "theMost": "https://contribua.org/bairros/norte/centro/Rua_Joao_da_Mata__490_270.jpg"}"
N21663+2016-09-18T12:18:14.877656+556+61887+917++2016-09-18T12:18:14.877692+++"{"question": "agradavel", "theLess": "https://contribua.org/bairros/oeste/catole/Rua_Cristina_Procopio_da_Silva__62__270.jpg", "theMost": "https://contribua.org/bairros/oeste/catole/Rua_Joao_Francisco_Mota__64__270.jpg"}"
N21674+2016-09-18T18:00:04.374806+556+61458+918++2016-09-18T18:00:04.374841+++"{"question": "seguro", "theLess": "equal", "theMost": "equal"}"
N21677+2016-09-18T18:00:54.133971+556+61573+918++2016-09-18T18:00:54.134003+++"{"question": "agradavel", "theLess": "equal", "theMost": "equal"}"
N21679+2016-09-18T18:01:30.955257+556+61541+918++2016-09-18T18:01:30.955290+++"{"question": "agradavel", "theLess": "https://contribua.org/bairros/oeste/liberdade/Rua_Acre__635_270.jpg", "theMost": "https://contribua.org/bairros/norte/centro/Avenida_Presidente_Joao_Pessoa__128__180.jpg"}"
N21709+2016-09-19T03:07:35.749492+556+61820+921++2016-09-19T03:07:35.749527+++"{"question": "seguro", "theLess": "equal", "theMost": "equal"}"
N21727+2016-09-20T02:50:39.533057+556+61601+922++2016-09-20T02:50:39.533092+++"{"question": "agradavel", "theLess": "https://contribua.org/bairros/oeste/liberdade/Rua_Padre_Pedro_Serrao__207__270.jpg", "theMost": "https://contribua.org/bairros/oeste/catole/Rua_Doutor_Antonio_Telha__235_180.jpg"}"
N21730+2016-09-20T02:51:13.465831+556+61614+922++2016-09-20T02:51:13.465865+++"{"question": "seguro", "theLess": "https://contribua.org/bairros/oeste/liberdade/Rua_Severino_Pimentel__439__0.jpg", "theMost": "https://contribua.org/bairros/oeste/liberdade/Avenida_Assis_Chateaubriand__1334__180.jpg"}"
N21731+2016-09-20T02:51:24.385676+556+61887+922++2016-09-20T02:51:24.385709+++"{"question": "agradavel", "theLess": "https://contribua.org/bairros/oeste/catole/Rua_Cristina_Procopio_da_Silva__62__270.jpg", "theMost": "https://contribua.org/bairros/oeste/liberdade/Avenida_Assis_Chateaubriand__1334__180.jpg"}"
N21732+2016-09-20T02:51:31.033057+556+61748+922++2016-09-20T02:51:31.033088+++"{"question": "seguro", "theLess": "https://contribua.org/bairros/oeste/catole/Rua_Deputado_Ascendino_Moura__101__270.jpg", "theMost": "https://contribua.org/bairros/norte/centro/Rua_Elias_Aforas__67__0.jpg"}"
N21745+2016-09-20T11:30:24.785253+556+61275+923++2016-09-20T11:30:24.785286+++"{"question": "agradavel", "theLess": "https://contribua.org/bairros/norte/centro/Avenida_Presidente_Getulio_Vargas__210__180.jpg", "theMost": "https://contribua.org/bairros/oeste/liberdade/Rua_Santa_Catarina__1231__0.jpg"}"
N21691+2016-09-18T18:03:15.957971+556+61741+918++2016-09-18T18:03:15.958005+++"{"question": "agradavel", "theLess": "https://contribua.org/bairros/oeste/catole/Rua_Doutor_Antonio_Telha__68__270.jpg", "theMost": "https://contribua.org/bairros/oeste/catole/Rua_Vigario_Calixto__1201_0.jpg"}"
N21694+2016-09-18T18:03:36.124479+556+61915+918++2016-09-18T18:03:36.124512+++"{"question": "agradavel", "theLess": "https://contribua.org/bairros/norte/centro/Rua_Pedro_Alvares_Cabral__129_180.jpg", "theMost": "https://contribua.org/bairros/norte/centro/Avenida_Barao_Rio_Branco__141_270.jpg"}"
N21696+2016-09-18T18:03:50.830104+556+61756+918++2016-09-18T18:03:50.830137+++"{"question": "seguro", "theLess": "https://contribua.org/bairros/oeste/catole/Rua_Sebastiao_Vieira_da_Silva__1273__180.jpg", "theMost": "https://contribua.org/bairros/oeste/catole/Avenida_Prefeito_Severino_Bezerra_Cabral__218_90.jpg"}"
N21703+2016-09-19T00:07:27.133581+556+61566+920++2016-09-19T00:07:27.133615+++"{"question": "seguro", "theLess": "https://contribua.org/bairros/oeste/liberdade/Avenida_Assis_Chateaubriand__1334__0.jpg", "theMost": "https://contribua.org/bairros/oeste/liberdade/Rua_Odon_Bezerra__306_270.jpg"}"
N21706+2016-09-19T00:08:10.502004+556+61749+920++2016-09-19T00:08:10.502038+++"{"question": "agradavel", "theLess": "https://contribua.org/bairros/oeste/liberdade/Rua_Riachuelo__455__0.jpg", "theMost": "https://contribua.org/bairros/norte/centro/Rua_Quebra_Quilos__399__90.jpg"}"
N21710+2016-09-20T02:44:23.438222+556+61750+922++2016-09-20T02:44:23.438257+++"{"question": "seguro", "theLess": "https://contribua.org/bairros/oeste/liberdade/Rua_Riachuelo__455__0.jpg", "theMost": "https://contribua.org/bairros/oeste/liberdade/Rua_Odon_Bezerra__388__270.jpg"}"
N22454+2016-09-25T21:19:24.871967+556+61376+955++2016-09-25T21:19:24.872001+++"{"question": "seguro", "theLess": "equal", "theMost": "equal"}"
N21718+2016-09-20T02:47:47.913259+556+61731+922++2016-09-20T02:47:47.913381+++"{"question": "agradavel", "theLess": "https://contribua.org/bairros/oeste/liberdade/Rua_Santa_Catarina__1231__180.jpg", "theMost": "https://contribua.org/bairros/norte/centro/Rua_Capitao_Joao_de_Sa__45__0.jpg"}"
N21724+2016-09-20T02:49:39.394970+556+61772+922++2016-09-20T02:49:39.395005+++"{"question": "seguro", "theLess": "https://contribua.org/bairros/oeste/liberdade/Rua_Acre__635_270.jpg", "theMost": "https://contribua.org/bairros/norte/centro/Rua_Manoel_P._de_Araujo__370_180.jpg"}"
N21729+2016-09-20T02:50:54.988844+556+61724+922++2016-09-20T02:50:54.988877+++"{"question": "seguro", "theLess": "https://contribua.org/bairros/oeste/liberdade/Rua_Sergipe__1337_90.jpg", "theMost": "https://contribua.org/bairros/norte/centro/Avenida_Barao_Rio_Branco__141_270.jpg"}"
N21734+2016-09-20T02:51:56.325664+556+61908+922++2016-09-20T02:51:56.325698+++"{"question": "seguro", "theLess": "https://contribua.org/bairros/oeste/liberdade/Rua_Santa_Catarina__1231__180.jpg", "theMost": "https://contribua.org/bairros/oeste/liberdade/Avenida_Assis_Chateaubriand__1334__180.jpg"}"
N21737+2016-09-20T02:52:29.341899+556+61379+922++2016-09-20T02:52:29.341946+++"{"question": "agradavel", "theLess": "https://contribua.org/bairros/oeste/catole/Rua_Aluisio_Cunha_Linha__50__90.jpg", "theMost": "https://contribua.org/bairros/oeste/liberdade/Rua_Odon_Bezerra__147_270.jpg"}"
N21738+2016-09-20T02:52:37.435659+556+61879+922++2016-09-20T02:52:37.435690+++"{"question": "agradavel", "theLess": "https://contribua.org/bairros/oeste/liberdade/Rua_Santa_Catarina__1231__180.jpg", "theMost": "https://contribua.org/bairros/norte/centro/Rua_Felix_Araujo__132__90.jpg"}"
N21748+2016-09-20T11:30:55.948451+556+61534+923++2016-09-20T11:30:55.948484+++"{"question": "seguro", "theLess": "https://contribua.org/bairros/oeste/catole/Rua_Aluisio_Cunha_Linha__50__90.jpg", "theMost": "https://contribua.org/bairros/oeste/catole/Rua_Otacilio_Nepomuceno__76_90.jpg"}"
N21770+2016-09-20T13:31:15.373116+556+61721+925++2016-09-20T13:31:15.373149+++"{"question": "agradavel", "theLess": "https://contribua.org/bairros/norte/centro/Rua_Pedro_Alvares_Cabral__129_90.jpg", "theMost": "https://contribua.org/bairros/oeste/catole/Rua_Honorio_de_Melo__240__90.jpg"}"
N21760+2016-09-20T13:25:08.377468+556+61560+924++2016-09-20T13:25:08.377503+++"{"question": "seguro", "theLess": "https://contribua.org/bairros/oeste/catole/Rua_Doutor_Antonio_Telha__235_0.jpg", "theMost": "https://contribua.org/bairros/norte/centro/Avenida_Dom_Pedro_II__500_270.jpg"}"
N21769+2016-09-20T13:30:58.673621+556+61450+925++2016-09-20T13:30:58.673654+++"{"question": "seguro", "theLess": "https://contribua.org/bairros/oeste/catole/Rua_Inacio_Marques_da_Silva__434_90.jpg", "theMost": "https://contribua.org/bairros/oeste/catole/Rua_Joao_Francisco_Mota__64__90.jpg"}"
N21771+2016-09-20T13:31:38.849057+556+61850+925++2016-09-20T13:31:38.849091+++"{"question": "seguro", "theLess": "https://contribua.org/bairros/oeste/catole/Rua_Otacilio_Nepomuceno__76_0.jpg", "theMost": "https://contribua.org/bairros/oeste/catole/Rua_Luisa_Bezerra_Mota__246_270.jpg"}"
N21781+2016-09-20T13:35:30.145038+556+61745+926++2016-09-20T13:35:30.145073+++"{"question": "agradavel", "theLess": "https://contribua.org/bairros/norte/centro/Avenida_Presidente_Getulio_Vargas__210__0.jpg", "theMost": "https://contribua.org/bairros/norte/centro/Avenida_Barao_Rio_Branco__141_270.jpg"}"
N21785+2016-09-20T13:36:20.959800+556+61537+925++2016-09-20T13:36:20.959832+++"{"question": "agradavel", "theLess": "https://contribua.org/bairros/norte/centro/Rua_Capitao_Joao_de_Sa__45__180.jpg", "theMost": "https://contribua.org/bairros/norte/centro/Avenida_Presidente_Joao_Pessoa__128__180.jpg"}"
N21793+2016-09-20T13:38:04.256283+556+61835+925++2016-09-20T13:38:04.256316+++"{"question": "agradavel", "theLess": "https://contribua.org/bairros/oeste/liberdade/Rua_Sergipe__1337_0.jpg", "theMost": "https://contribua.org/bairros/oeste/catole/Rua_Joao_Francisco_Mota__64__90.jpg"}"
N21798+2016-09-20T13:43:25.216561+556+61842+927++2016-09-20T13:43:25.216596+++"{"question": "seguro", "theLess": "https://contribua.org/bairros/oeste/liberdade/Rua_Edesio_Silva__602__0.jpg", "theMost": "https://contribua.org/bairros/norte/centro/Rua_Joao_da_Mata__490_90.jpg"}"
N21824+2016-09-20T13:57:21.156117+556+61882+930++2016-09-20T13:57:21.156151+++"{"question": "seguro", "theLess": "https://contribua.org/bairros/norte/centro/Rua_Felix_Araujo__132__90.jpg", "theMost": "https://contribua.org/bairros/oeste/liberdade/Rua_Padre_Pedro_Serrao__336__270.jpg"}"
N21832+2016-09-20T13:59:46.239512+556+61537+930++2016-09-20T13:59:46.239545+++"{"question": "agradavel", "theLess": "https://contribua.org/bairros/norte/centro/Rua_Capitao_Joao_de_Sa__45__180.jpg", "theMost": "https://contribua.org/bairros/oeste/catole/Rua_Deputado_Ascendino_Moura__101__90.jpg"}"
N21815+2016-09-20T13:49:52.726840+556+61808+929++2016-09-20T13:49:52.726874+++"{"question": "seguro", "theLess": "https://contribua.org/bairros/oeste/catole/Rua_Honorio_de_Melo__240__270.jpg", "theMost": "https://contribua.org/bairros/norte/centro/Rua_Doutor_Severino_Cruz__411__270.jpg"}"
N21841+2016-09-20T14:02:06.387570+556+61573+930++2016-09-20T14:02:06.387604+++"{"question": "agradavel", "theLess": "https://contribua.org/bairros/oeste/liberdade/Rua_Odon_Bezerra__306_270.jpg", "theMost": "https://contribua.org/bairros/oeste/catole/Rua_Joao_Francisco_Mota__64__270.jpg"}"
N21845+2016-09-20T14:03:24.234372+556+61631+931++2016-09-20T14:03:24.234405+++"{"question": "agradavel", "theLess": "https://contribua.org/bairros/oeste/liberdade/Rua_Riachuelo__455__180.jpg", "theMost": "https://contribua.org/bairros/oeste/catole/Rua_Deputado_Ascendino_Moura__101__270.jpg"}"
N21851+2016-09-20T14:04:57.185951+556+61624+931++2016-09-20T14:04:57.185985+++"{"question": "seguro", "theLess": "https://contribua.org/bairros/oeste/liberdade/Rua_Acre__635_270.jpg", "theMost": "https://contribua.org/bairros/norte/centro/Avenida_Presidente_Getulio_Vargas__395__90.jpg"}"
N21868+2016-09-20T14:21:05.935632+556+61873+752++2016-09-20T14:21:05.935665+++"{"userProfile": {"city": "Patos - PB, Brasil", "age": 38, "sex": "M", "rel": "casado", "educ": "mestrado", "neig": ["cen"], "clas": "media alta"}, "question": "agradavel", "theLess": "https://contribua.org/bairros/oeste/catole/Rua_Olegario_Mariano__139_90.jpg", "theMost": "https://contribua.org/bairros/oeste/catole/Rua_Vigario_Calixto__1201_180.jpg"}"
N21811+2016-09-20T13:48:47.717161+556+61935+929++2016-09-20T13:48:47.717194+++"{"question": "agradavel", "theLess": "https://contribua.org/bairros/norte/centro/Rua_Coronel_Salvino_Figueiredo__251_270.jpg", "theMost": "https://contribua.org/bairros/oeste/liberdade/Rua_Severino_Pimentel__439__180.jpg"}"
N21855+2016-09-20T14:07:13.718871+556+61826+931++2016-09-20T14:07:13.718904+++"{"question": "seguro", "theLess": "https://contribua.org/bairros/norte/centro/Avenida_Presidente_Getulio_Vargas__210__0.jpg", "theMost": "https://contribua.org/bairros/oeste/liberdade/Rua_Padre_Pedro_Serrao__336__90.jpg"}"
N21865+2016-09-20T14:19:47.835125+556+61950+752++2016-09-20T14:19:47.835158+++"{"question": "seguro", "theLess": "https://contribua.org/bairros/oeste/liberdade/Rua_Riachuelo__930__0.jpg", "theMost": "https://contribua.org/bairros/oeste/liberdade/Rua_Espirito_Santo__1288__0.jpg"}"
N21867+2016-09-20T14:20:09.433278+556+61667+752++2016-09-20T14:20:09.433395+++"{"question": "agradavel", "theLess": "https://contribua.org/bairros/norte/centro/Rua_Pedro_Alvares_Cabral__129_90.jpg", "theMost": "https://contribua.org/bairros/norte/centro/Rua_Doutor_Severino_Cruz__411__90.jpg"}"
N21873+2016-09-20T14:22:32.061157+556+61274+752++2016-09-20T14:22:32.061191+++"{"question": "seguro", "theLess": "https://contribua.org/bairros/oeste/liberdade/Rua_Padre_Pedro_Serrao__207__270.jpg", "theMost": "https://contribua.org/bairros/norte/centro/Avenida_Presidente_Joao_Pessoa__128__90.jpg"}"
N21864+2016-09-20T14:19:29.418904+556+61793+752++2016-09-20T14:19:29.418938+++"{"question": "agradavel", "theLess": "https://contribua.org/bairros/oeste/liberdade/Rua_Padre_Pedro_Serrao__336__90.jpg", "theMost": "https://contribua.org/bairros/oeste/catole/Rua_Otacilio_Nepomuceno__76_90.jpg"}"
N21869+2016-09-20T14:21:13.381948+556+61725+752++2016-09-20T14:21:13.381982+++"{"question": "agradavel", "theLess": "https://contribua.org/bairros/oeste/liberdade/Rua_Sergipe__1337_90.jpg", "theMost": "https://contribua.org/bairros/oeste/catole/Rua_Otacilio_Nepomuceno__76_90.jpg"}"
N21872+2016-09-20T14:22:19.868500+556+61742+752++2016-09-20T14:22:19.868534+++"{"question": "seguro", "theLess": "https://contribua.org/bairros/oeste/catole/Rua_Doutor_Antonio_Telha__68__270.jpg", "theMost": "https://contribua.org/bairros/oeste/catole/Rua_Luisa_Bezerra_Mota__246_90.jpg"}"
N21898+2016-09-20T15:34:00.276596+556+61820+933++2016-09-20T15:34:00.276633+++"{"question": "seguro", "theLess": "https://contribua.org/bairros/norte/centro/Rua_Manoel_P._de_Araujo__370_0.jpg", "theMost": "https://contribua.org/bairros/oeste/liberdade/Rua_Odon_Bezerra__388__90.jpg"}"
N21914+2016-09-20T16:03:26.113041+556+61683+935++2016-09-20T16:03:26.113077+++"{"question": "agradavel", "theLess": "https://contribua.org/bairros/norte/centro/Avenida_Presidente_Joao_Pessoa__128__90.jpg", "theMost": "https://contribua.org/bairros/oeste/catole/Rua_Inacio_Marques_da_Silva__434_270.jpg"}"
N21920+2016-09-20T16:03:54.313990+556+61538+934++2016-09-20T16:03:54.314023+++"{"question": "seguro", "theLess": "https://contribua.org/bairros/norte/centro/Rua_Capitao_Joao_de_Sa__45__180.jpg", "theMost": "https://contribua.org/bairros/norte/centro/Avenida_Presidente_Joao_Pessoa__128__180.jpg"}"
N21938+2016-09-20T16:05:29.695923+556+61501+936++2016-09-20T16:05:29.695955+++"{"question": "agradavel", "theLess": "https://contribua.org/bairros/oeste/catole/Rua_Sebastiao_Vieira_da_Silva__1273__180.jpg", "theMost": "https://contribua.org/bairros/oeste/liberdade/Rua_Odon_Bezerra__306_90.jpg"}"
N21941+2016-09-20T16:05:38.558267+556+61796+934++2016-09-20T16:05:38.558305+++"{"question": "seguro", "theLess": "https://contribua.org/bairros/oeste/liberdade/Rua_Riachuelo__930__180.jpg", "theMost": "https://contribua.org/bairros/oeste/catole/Rua_Honorio_de_Melo__240__270.jpg"}"
N21883+2016-09-20T14:26:25.185547+556+61389+932++2016-09-20T14:26:25.185580+++"{"question": "agradavel", "theLess": "https://contribua.org/bairros/oeste/liberdade/Rua_Padre_Pedro_Serrao__353__90.jpg", "theMost": "https://contribua.org/bairros/norte/centro/Rua_Manoel_P._de_Araujo__150_270.jpg"}"
N21900+2016-09-20T15:34:19.137827+556+61449+933++2016-09-20T15:34:19.137860+++"{"question": "agradavel", "theLess": "equal", "theMost": "equal"}"
N21904+2016-09-20T16:01:55.389189+556+61484+934++2016-09-20T16:01:55.389222+++"{"question": "seguro", "theLess": "https://contribua.org/bairros/oeste/liberdade/Rua_Riachuelo__455__0.jpg", "theMost": "https://contribua.org/bairros/norte/centro/Rua_Joao_da_Mata__490_270.jpg"}"
N21916+2016-09-20T16:03:36.143810+556+61785+934++2016-09-20T16:03:36.143845+++"{"question": "agradavel", "theLess": "https://contribua.org/bairros/norte/centro/Rua_Pedro_Alvares_Cabral__129_180.jpg", "theMost": "https://contribua.org/bairros/oeste/catole/Rua_Inacio_Marques_da_Silva__434_270.jpg"}"
N21927+2016-09-20T16:04:31.119370+556+61829+934++2016-09-20T16:04:31.119403+++"{"question": "agradavel", "theLess": "https://contribua.org/bairros/oeste/catole/Rua_Deputado_Ascendino_Moura__101__270.jpg", "theMost": "https://contribua.org/bairros/oeste/catole/Rua_Joao_Francisco_Mota__64__90.jpg"}"
N21950+2016-09-20T16:06:07.796084+556+61551+934++2016-09-20T16:06:07.796118+++"{"question": "agradavel", "theLess": "https://contribua.org/bairros/oeste/catole/Rua_Doutor_Antonio_Telha__235_0.jpg", "theMost": "https://contribua.org/bairros/oeste/catole/Rua_Inacio_Marques_da_Silva__434_270.jpg"}"
N21953+2016-09-20T16:06:23.529791+556+61827+934++2016-09-20T16:06:23.529824+++"{"question": "agradavel", "theLess": "https://contribua.org/bairros/norte/centro/Avenida_Presidente_Getulio_Vargas__210__180.jpg", "theMost": "https://contribua.org/bairros/oeste/catole/Rua_Doutor_Antonio_Telha_-_Catole__Campina_Grande__270.jpg"}"
N21952+2016-09-20T16:06:17.972730+556+61545+934++2016-09-20T16:06:17.972764+++"{"question": "agradavel", "theLess": "https://contribua.org/bairros/oeste/liberdade/Rua_Acre__635_90.jpg", "theMost": "https://contribua.org/bairros/norte/centro/Rua_Quebra_Quilos__399__270.jpg"}"
N21962+2016-09-20T16:06:48.683787+556+61289+934++2016-09-20T16:06:48.683819+++"{"question": "agradavel", "theLess": "https://contribua.org/bairros/norte/centro/Rua_Manoel_P._de_Araujo__370_0.jpg", "theMost": "https://contribua.org/bairros/norte/centro/Avenida_Barao_Rio_Branco__141_90.jpg"}"
N21970+2016-09-20T16:07:12.849928+556+61293+934++2016-09-20T16:07:12.849963+++"{"question": "agradavel", "theLess": "https://contribua.org/bairros/norte/centro/Avenida_Barao_Rio_Branco__141_90.jpg", "theMost": "https://contribua.org/bairros/oeste/liberdade/Avenida_Assis_Chateaubriand__1334__180.jpg"}"
N21982+2016-09-20T16:07:51.516991+556+61911+936++2016-09-20T16:07:51.517025+++"{"question": "agradavel", "theLess": "https://contribua.org/bairros/oeste/catole/Rua_Olegario_Mariano__139_270.jpg", "theMost": "https://contribua.org/bairros/oeste/liberdade/Rua_Padre_Pedro_Serrao__207__90.jpg"}"
N21983+2016-09-20T16:08:06.252677+556+61338+936++2016-09-20T16:08:06.252710+++"{"question": "seguro", "theLess": "https://contribua.org/bairros/oeste/catole/Rua_Olegario_Mariano__139_270.jpg", "theMost": "https://contribua.org/bairros/oeste/liberdade/Rua_Odon_Bezerra__306_90.jpg"}"
N21997+2016-09-20T16:11:28.988749+556+61286+936++2016-09-20T16:11:28.988785+++"{"question": "seguro", "theLess": "https://contribua.org/bairros/norte/centro/Avenida_Barao_Rio_Branco__141_90.jpg", "theMost": "https://contribua.org/bairros/oeste/liberdade/Rua_Odon_Bezerra__147_270.jpg"}"
N21961+2016-09-20T16:06:46.364061+556+61288+934++2016-09-20T16:06:46.364094+++"{"question": "seguro", "theLess": "https://contribua.org/bairros/norte/centro/Rua_Manoel_P._de_Araujo__370_180.jpg", "theMost": "https://contribua.org/bairros/norte/centro/Avenida_Barao_Rio_Branco__141_90.jpg"}"
N22008+2016-09-20T16:13:28.722029+556+61785+936++2016-09-20T16:13:28.722062+++"{"question": "agradavel", "theLess": "https://contribua.org/bairros/oeste/catole/Rua_Olegario_Mariano__139_90.jpg", "theMost": "https://contribua.org/bairros/oeste/catole/Rua_Inacio_Marques_da_Silva__434_270.jpg"}"
N22035+2016-09-20T16:18:24.944050+556+61296+936++2016-09-20T16:18:24.944085+++"{"question": "seguro", "theLess": "https://contribua.org/bairros/norte/centro/Avenida_Barao_Rio_Branco__141_90.jpg", "theMost": "https://contribua.org/bairros/norte/centro/Rua_Manoel_P._de_Araujo__150_90.jpg"}"
N21976+2016-09-20T16:07:29.867760+556+61891+934++2016-09-20T16:07:29.867796+++"{"question": "agradavel", "theLess": "https://contribua.org/bairros/oeste/catole/Rua_Cristina_Procopio_da_Silva__62__270.jpg", "theMost": "https://contribua.org/bairros/norte/centro/Rua_Pedro_Alvares_Cabral__129_180.jpg"}"
N21981+2016-09-20T16:07:50.012460+556+61438+934++2016-09-20T16:07:50.012495+++"{"question": "seguro", "theLess": "https://contribua.org/bairros/norte/centro/Rua_Manoel_P._de_Araujo__370_180.jpg", "theMost": "https://contribua.org/bairros/oeste/liberdade/Rua_Severino_Pimentel__511_270.jpg"}"
N21988+2016-09-20T16:09:47.310117+556+61394+936++2016-09-20T16:09:47.310151+++"{"question": "seguro", "theLess": "https://contribua.org/bairros/norte/centro/Rua_Manoel_P._de_Araujo__370_180.jpg", "theMost": "https://contribua.org/bairros/oeste/catole/Rua_Vigario_Calixto__1201_180.jpg"}"
N22001+2016-09-20T16:12:19.262705+556+61750+936++2016-09-20T16:12:19.262720+++"{"question": "seguro", "theLess": "https://contribua.org/bairros/oeste/liberdade/Rua_Riachuelo__455__0.jpg", "theMost": "https://contribua.org/bairros/oeste/liberdade/Rua_Odon_Bezerra__388__270.jpg"}"
N22014+2016-09-20T16:14:31.002469+556+61310+936++2016-09-20T16:14:31.002505+++"{"question": "seguro", "theLess": "https://contribua.org/bairros/oeste/liberdade/Rua_Edesio_Silva__602__180.jpg", "theMost": "https://contribua.org/bairros/oeste/liberdade/Rua_Edesio_Silva__602__0.jpg"}"
N22020+2016-09-20T16:15:45.064186+556+61608+936++2016-09-20T16:15:45.064221+++"{"question": "seguro", "theLess": "https://contribua.org/bairros/oeste/liberdade/Rua_Severino_Pimentel__439__0.jpg", "theMost": "https://contribua.org/bairros/norte/centro/Avenida_Barao_Rio_Branco__141_270.jpg"}"
N22033+2016-09-20T16:17:45.996218+556+61559+936++2016-09-20T16:17:45.996251+++"{"question": "agradavel", "theLess": "https://contribua.org/bairros/oeste/catole/Rua_Sebastiao_Vieira_da_Silva__1273__180.jpg", "theMost": "https://contribua.org/bairros/oeste/liberdade/Rua_Padre_Pedro_Serrao__336__270.jpg"}"
N22044+2016-09-20T18:56:54.154701+556+61601+937++2016-09-20T18:56:54.154738+++"{"question": "agradavel", "theLess": "https://contribua.org/bairros/oeste/liberdade/Rua_Padre_Pedro_Serrao__207__270.jpg", "theMost": "https://contribua.org/bairros/oeste/catole/Rua_Doutor_Antonio_Telha__235_180.jpg"}"
N22046+2016-09-20T18:58:40.287536+556+61886+937++2016-09-20T18:58:40.287574+++"{"question": "seguro", "theLess": "https://contribua.org/bairros/oeste/liberdade/Rua_Severino_Pimentel__321__0.jpg", "theMost": "https://contribua.org/bairros/norte/centro/Avenida_Dom_Pedro_II__119_270.jpg"}"
N22047+2016-09-20T18:59:07.126224+556+61325+937++2016-09-20T18:59:07.126258+++"{"question": "agradavel", "theLess": "https://contribua.org/bairros/norte/centro/Avenida_Dom_Pedro_II__119_90.jpg", "theMost": "https://contribua.org/bairros/oeste/catole/Avenida_Prefeito_Severino_Bezerra_Cabral__218_90.jpg"}"
N22050+2016-09-20T18:59:53.117476+556+61561+937++2016-09-20T18:59:53.117510+++"{"question": "agradavel", "theLess": "https://contribua.org/bairros/oeste/liberdade/Rua_Odon_Bezerra__306_270.jpg", "theMost": "https://contribua.org/bairros/oeste/liberdade/Rua_Severino_Pimentel__511_90.jpg"}"
N22055+2016-09-20T19:02:44.291400+556+61447+937++2016-09-20T19:02:44.291437+++"{"question": "agradavel", "theLess": "https://contribua.org/bairros/norte/centro/Rua_Augusto_Severo__71_90.jpg", "theMost": "https://contribua.org/bairros/oeste/catole/Rua_Doutor_Antonio_Telha__68__90.jpg"}"
N22062+2016-09-20T19:04:59.591134+556+61454+937++2016-09-20T19:04:59.591169+++"{"question": "seguro", "theLess": "https://contribua.org/bairros/oeste/liberdade/Rua_Espirito_Santo__1288__180.jpg", "theMost": "https://contribua.org/bairros/oeste/catole/Rua_Doutor_Antonio_Telha_-_Catole__Campina_Grande__270.jpg"}"
N22069+2016-09-20T19:06:49.833618+556+61368+937++2016-09-20T19:06:49.833657+++"{"question": "seguro", "theLess": "https://contribua.org/bairros/oeste/liberdade/Rua_Sergipe__1337_0.jpg", "theMost": "https://contribua.org/bairros/norte/centro/Avenida_Presidente_Getulio_Vargas__271__270.jpg"}"
N22089+2016-09-20T19:11:09.476629+556+61807+937++2016-09-20T19:11:09.476667+++"{"question": "agradavel", "theLess": "https://contribua.org/bairros/oeste/liberdade/Rua_Odon_Bezerra__388__90.jpg", "theMost": "https://contribua.org/bairros/norte/centro/Rua_Joao_da_Mata__490_90.jpg"}"
N22091+2016-09-20T19:11:33.077560+556+61327+937++2016-09-20T19:11:33.077593+++"{"question": "agradavel", "theLess": "https://contribua.org/bairros/norte/centro/Rua_Elias_Aforas__202_0.jpg", "theMost": "https://contribua.org/bairros/norte/centro/Rua_Manoel_P._de_Araujo__150_90.jpg"}"
N22101+2016-09-20T23:42:24.713926+556+61863+938++2016-09-20T23:42:24.713962+++"{"question": "agradavel", "theLess": "equal", "theMost": "equal"}"
N22107+2016-09-20T23:44:35.577828+556+61295+938++2016-09-20T23:44:35.577862+++"{"question": "agradavel", "theLess": "https://contribua.org/bairros/norte/centro/Avenida_Barao_Rio_Branco__141_90.jpg", "theMost": "https://contribua.org/bairros/norte/centro/Rua_Manoel_P._de_Araujo__150_90.jpg"}"
N22074+2016-09-20T19:07:57.985569+556+61585+937++2016-09-20T19:07:57.985602+++"{"question": "agradavel", "theLess": "https://contribua.org/bairros/oeste/liberdade/Rua_Santa_Catarina__1231__180.jpg", "theMost": "https://contribua.org/bairros/oeste/catole/Avenida_Prefeito_Severino_Bezerra_Cabral__218_0.jpg"}"
N22075+2016-09-20T19:08:06.657210+556+61731+937++2016-09-20T19:08:06.657244+++"{"question": "agradavel", "theLess": "https://contribua.org/bairros/oeste/liberdade/Rua_Sergipe__1337_90.jpg", "theMost": "https://contribua.org/bairros/norte/centro/Rua_Capitao_Joao_de_Sa__45__0.jpg"}"
N22081+2016-09-20T19:09:41.975564+556+61275+937++2016-09-20T19:09:41.975600+++"{"question": "agradavel", "theLess": "https://contribua.org/bairros/oeste/liberdade/Avenida_Assis_Chateaubriand__1334__0.jpg", "theMost": "https://contribua.org/bairros/oeste/liberdade/Rua_Santa_Catarina__1231__0.jpg"}"
N22093+2016-09-20T19:12:03.557718+556+61483+937++2016-09-20T19:12:03.557752+++"{"question": "agradavel", "theLess": "https://contribua.org/bairros/oeste/liberdade/Rua_Riachuelo__455__0.jpg", "theMost": "https://contribua.org/bairros/norte/centro/Rua_Doutor_Severino_Cruz__411__270.jpg"}"
N22100+2016-09-20T23:41:41.730403+556+61695+938++2016-09-20T23:41:41.730437+++"{"question": "agradavel", "theLess": "https://contribua.org/bairros/oeste/liberdade/Rua_Padre_Pedro_Serrao__353__270.jpg", "theMost": "https://contribua.org/bairros/norte/centro/Rua_Quebra_Quilos__399__270.jpg"}"
N22105+2016-09-20T23:44:17.198159+556+61906+938++2016-09-20T23:44:17.198195+++"{"question": "seguro", "theLess": "https://contribua.org/bairros/oeste/liberdade/Rua_Santa_Catarina__1231__180.jpg", "theMost": "https://contribua.org/bairros/oeste/catole/Rua_Olegario_Mariano__139_180.jpg"}"
N22108+2016-09-20T23:44:49.512297+556+61638+938++2016-09-20T23:44:49.512332+++"{"question": "seguro", "theLess": "https://contribua.org/bairros/norte/centro/Rua_Elias_Aforas__202_180.jpg", "theMost": "https://contribua.org/bairros/norte/centro/Rua_Augusto_Severo__71_90.jpg"}"
N22113+2016-09-21T00:36:14.964289+556+61397+939++2016-09-21T00:36:14.964324+++"{"question": "agradavel", "theLess": "https://contribua.org/bairros/oeste/liberdade/Rua_Riachuelo__930__180.jpg", "theMost": "https://contribua.org/bairros/oeste/catole/Avenida_Prefeito_Severino_Bezerra_Cabral__218_90.jpg"}"
N22114+2016-09-21T00:36:27.514116+556+61690+939++2016-09-21T00:36:27.514153+++"{"question": "seguro", "theLess": "https://contribua.org/bairros/oeste/liberdade/Rua_Padre_Pedro_Serrao__353__270.jpg", "theMost": "https://contribua.org/bairros/norte/centro/Rua_Felix_Araujo__48__270.jpg"}"
N22143+2016-09-21T01:15:02.045691+556+61541+940++2016-09-21T01:15:02.045728+++"{"question": "agradavel", "theLess": "https://contribua.org/bairros/oeste/liberdade/Rua_Acre__635_270.jpg", "theMost": "https://contribua.org/bairros/norte/centro/Avenida_Presidente_Joao_Pessoa__128__180.jpg"}"
N22120+2016-09-21T01:09:24.064911+556+61439+940++2016-09-21T01:09:24.064946+++"{"question": "agradavel", "theLess": "https://contribua.org/bairros/oeste/catole/Rua_Inacio_Marques_da_Silva__434_90.jpg", "theMost": "https://contribua.org/bairros/norte/centro/Avenida_Barao_Rio_Branco__141_270.jpg"}"
N22124+2016-09-21T01:10:33.794135+556+61565+940++2016-09-21T01:10:33.794169+++"{"question": "agradavel", "theLess": "https://contribua.org/bairros/oeste/catole/Rua_Olegario_Mariano__139_0.jpg", "theMost": "https://contribua.org/bairros/oeste/liberdade/Rua_Odon_Bezerra__306_270.jpg"}"
N22125+2016-09-21T01:10:49.537498+556+61783+940++2016-09-21T01:10:49.537531+++"{"question": "agradavel", "theLess": "https://contribua.org/bairros/oeste/catole/Rua_Sebastiao_Vieira_da_Silva__1273__0.jpg", "theMost": "https://contribua.org/bairros/oeste/catole/Avenida_Prefeito_Severino_Bezerra_Cabral__218_90.jpg"}"
N22126+2016-09-21T01:10:57.090069+556+61482+940++2016-09-21T01:10:57.090103+++"{"question": "seguro", "theLess": "https://contribua.org/bairros/oeste/liberdade/Rua_Santa_Catarina__1231__0.jpg", "theMost": "https://contribua.org/bairros/norte/centro/Rua_Doutor_Severino_Cruz__411__90.jpg"}"
N22127+2016-09-21T01:11:12.009564+556+61791+940++2016-09-21T01:11:12.009599+++"{"question": "agradavel", "theLess": "https://contribua.org/bairros/oeste/liberdade/Rua_Riachuelo__455__0.jpg", "theMost": "https://contribua.org/bairros/oeste/liberdade/Rua_Odon_Bezerra__388__270.jpg"}"
N22130+2016-09-21T01:12:24.209121+556+61691+940++2016-09-21T01:12:24.209155+++"{"question": "agradavel", "theLess": "https://contribua.org/bairros/oeste/catole/Rua_Sebastiao_Vieira_da_Silva__1273__0.jpg", "theMost": "https://contribua.org/bairros/norte/centro/Avenida_Presidente_Getulio_Vargas__395__90.jpg"}"
N22147+2016-09-21T01:15:41.947883+556+61668+940++2016-09-21T01:15:41.947917+++"{"question": "seguro", "theLess": "https://contribua.org/bairros/norte/centro/Rua_Elias_Aforas__67__180.jpg", "theMost": "https://contribua.org/bairros/norte/centro/Rua_Doutor_Severino_Cruz__411__90.jpg"}"
N22150+2016-09-21T02:29:16.219146+556+61662+518++2016-09-21T02:29:16.219183+++"{"question": "seguro", "theLess": "https://contribua.org/bairros/oeste/liberdade/Rua_Riachuelo__455__0.jpg", "theMost": "https://contribua.org/bairros/oeste/liberdade/Rua_Odon_Bezerra__147_270.jpg"}"
N22153+2016-09-21T02:30:33.025118+556+61680+518++2016-09-21T02:30:33.025153+++"{"question": "seguro", "theLess": "https://contribua.org/bairros/oeste/catole/Rua_Sebastiao_Vieira_da_Silva__1273__0.jpg", "theMost": "https://contribua.org/bairros/oeste/liberdade/Rua_Odon_Bezerra__306_90.jpg"}"
N22163+2016-09-21T02:40:35.306422+556+61582+941++2016-09-21T02:40:35.306457+++"{"question": "seguro", "theLess": "https://contribua.org/bairros/oeste/catole/Rua_Doutor_Antonio_Telha__68__270.jpg", "theMost": "https://contribua.org/bairros/oeste/catole/Avenida_Prefeito_Severino_Bezerra_Cabral__218_0.jpg"}"
N22165+2016-09-21T02:41:51.101825+556+61734+941++2016-09-21T02:41:51.101860+++"{"question": "seguro", "theLess": "https://contribua.org/bairros/oeste/liberdade/Rua_Sergipe__1337_90.jpg", "theMost": "https://contribua.org/bairros/norte/centro/Rua_Felix_Araujo__48__90.jpg"}"
N22171+2016-09-21T02:44:02.272361+556+61377+941++2016-09-21T02:44:02.272395+++"{"question": "agradavel", "theLess": "https://contribua.org/bairros/oeste/catole/Rua_Doutor_Antonio_Telha__68__90.jpg", "theMost": "https://contribua.org/bairros/norte/centro/Avenida_Presidente_Getulio_Vargas__395__90.jpg"}"
N22212+2016-09-21T02:54:27.089402+556+61478+941++2016-09-21T02:54:27.089402+++"{"question": "seguro", "theLess": "https://contribua.org/bairros/norte/centro/Avenida_Presidente_Getulio_Vargas__395__270.jpg", "theMost": "https://contribua.org/bairros/oeste/liberdade/Rua_Padre_Pedro_Serrao__353__270.jpg"}"
N22185+2016-09-21T02:48:50.266234+556+61630+941++2016-09-21T02:48:50.266270+++"{"question": "seguro", "theLess": "https://contribua.org/bairros/oeste/catole/Rua_Cristina_Procopio_da_Silva__62__270.jpg", "theMost": "https://contribua.org/bairros/norte/centro/Rua_Augusto_Severo__71_90.jpg"}"
N22192+2016-09-21T02:50:16.015116+556+61766+941++2016-09-21T02:50:16.015156+++"{"question": "seguro", "theLess": "https://contribua.org/bairros/oeste/liberdade/Rua_Sergipe__1337_90.jpg", "theMost": "https://contribua.org/bairros/norte/centro/Avenida_Dom_Pedro_II__500_270.jpg"}"
N22193+2016-09-21T02:50:34.281409+556+61682+941++2016-09-21T02:50:34.281446+++"{"question": "seguro", "theLess": "https://contribua.org/bairros/oeste/catole/Rua_Olegario_Mariano__139_90.jpg", "theMost": "https://contribua.org/bairros/norte/centro/Rua_Quebra_Quilos__399__270.jpg"}"
N22197+2016-09-21T02:51:22.088228+556+61724+941++2016-09-21T02:51:22.088263+++"{"question": "seguro", "theLess": "https://contribua.org/bairros/oeste/liberdade/Avenida_Assis_Chateaubriand__1334__180.jpg", "theMost": "https://contribua.org/bairros/norte/centro/Avenida_Barao_Rio_Branco__141_270.jpg"}"
N22201+2016-09-21T02:52:09.413564+556+61809+941++2016-09-21T02:52:09.413598+++"{"question": "agradavel", "theLess": "https://contribua.org/bairros/oeste/catole/Rua_Vigario_Calixto__1201_0.jpg", "theMost": "https://contribua.org/bairros/oeste/catole/Rua_Otacilio_Nepomuceno__76_0.jpg"}"
N22209+2016-09-21T02:53:39.114883+556+61376+941++2016-09-21T02:53:39.114918+++"{"question": "seguro", "theLess": "https://contribua.org/bairros/oeste/catole/Rua_Sebastiao_Vieira_da_Silva__1273__0.jpg", "theMost": "https://contribua.org/bairros/norte/centro/Rua_Elias_Aforas__67__180.jpg"}"
N22210+2016-09-21T02:53:50.660295+556+61578+941++2016-09-21T02:53:50.660329+++"{"question": "seguro", "theLess": "https://contribua.org/bairros/oeste/catole/Rua_Inacio_Marques_da_Silva__434_270.jpg", "theMost": "https://contribua.org/bairros/oeste/catole/Avenida_Prefeito_Severino_Bezerra_Cabral__218_0.jpg"}"
N22224+2016-09-21T12:46:04.819219+556+61740+942++2016-09-21T12:46:04.819254+++"{"question": "seguro", "theLess": "https://contribua.org/bairros/oeste/catole/Rua_Cristina_Procopio_da_Silva__62__90.jpg", "theMost": "https://contribua.org/bairros/norte/centro/Avenida_Presidente_Getulio_Vargas__271__90.jpg"}"
N22229+2016-09-21T12:47:49.229474+556+61861+942++2016-09-21T12:47:49.229508+++"{"question": "agradavel", "theLess": "https://contribua.org/bairros/oeste/liberdade/Rua_Sergipe__1337_0.jpg", "theMost": "https://contribua.org/bairros/oeste/catole/Rua_Doutor_Antonio_Telha_-_Catole__Campina_Grande__90.jpg"}"
N22255+2016-09-21T16:17:35.057188+556+61481+944++2016-09-21T16:17:35.057223+++"{"question": "agradavel", "theLess": "https://contribua.org/bairros/norte/centro/Avenida_Presidente_Getulio_Vargas__395__270.jpg", "theMost": "https://contribua.org/bairros/norte/centro/Rua_Doutor_Severino_Cruz__411__90.jpg"}"
N22275+2016-09-21T17:20:58.813543+556+61853+945++2016-09-21T17:20:58.813576+++"{"question": "agradavel", "theLess": "https://contribua.org/bairros/norte/centro/Rua_Manoel_P._de_Araujo__370_0.jpg", "theMost": "https://contribua.org/bairros/oeste/catole/Rua_Luisa_Bezerra_Mota__246_270.jpg"}"
N22297+2016-09-21T17:28:54.819091+556+61540+945++2016-09-21T17:28:54.819126+++"{"question": "seguro", "theLess": "https://contribua.org/bairros/norte/centro/Rua_Elias_Aforas__67__180.jpg", "theMost": "https://contribua.org/bairros/norte/centro/Avenida_Presidente_Joao_Pessoa__128__180.jpg"}"
N22312+2016-09-21T21:00:49.405361+556+61496+948++2016-09-21T21:00:49.405408+++"{"question": "seguro", "theLess": "equal", "theMost": "equal"}"
N22243+2016-09-21T15:30:14.993159+556+61524+943++2016-09-21T15:30:14.993193+++"{"question": "seguro", "theLess": "https://contribua.org/bairros/norte/centro/Avenida_Presidente_Getulio_Vargas__210__180.jpg", "theMost": "https://contribua.org/bairros/norte/centro/Avenida_Dom_Pedro_II__500_90.jpg"}"
N22244+2016-09-21T15:30:39.425925+556+61926+943++2016-09-21T15:30:39.425960+++"{"question": "seguro", "theLess": "https://contribua.org/bairros/norte/centro/Rua_Coronel_Salvino_Figueiredo__251_270.jpg", "theMost": "https://contribua.org/bairros/norte/centro/Rua_Manoel_P._de_Araujo__370_0.jpg"}"
N22249+2016-09-21T15:32:15.214862+556+61383+943++2016-09-21T15:32:15.214896+++"{"question": "agradavel", "theLess": "equal", "theMost": "equal"}"
N22250+2016-09-21T15:32:27.667985+556+61854+943++2016-09-21T15:32:27.668019+++"{"question": "seguro", "theLess": "https://contribua.org/bairros/oeste/liberdade/Rua_Santa_Catarina__1231__180.jpg", "theMost": "https://contribua.org/bairros/oeste/catole/Rua_Luisa_Bezerra_Mota__246_270.jpg"}"
N22263+2016-09-21T16:19:59.644154+556+61771+944++2016-09-21T16:19:59.644273+++"{"question": "agradavel", "theLess": "https://contribua.org/bairros/norte/centro/Rua_Manoel_P._de_Araujo__370_180.jpg", "theMost": "https://contribua.org/bairros/oeste/liberdade/Rua_Acre__635_270.jpg"}"
N22265+2016-09-21T16:21:20.838305+556+61925+944++2016-09-21T16:21:20.838339+++"{"userProfile": {"city": "Esperan\u00e7a - PB, Brasil", "age": 23, "sex": "M", "rel": "solteiro", "educ": "graduacao", "neig": ["cen", "cat"], "clas": "media"}, "question": "agradavel", "theLess": "equal", "theMost": "equal"}"
N22294+2016-09-21T17:27:12.637047+556+61358+945++2016-09-21T17:27:12.637083+++"{"question": "seguro", "theLess": "https://contribua.org/bairros/norte/centro/Rua_Coronel_Salvino_Figueiredo__251_90.jpg", "theMost": "https://contribua.org/bairros/norte/centro/Avenida_Presidente_Getulio_Vargas__271__270.jpg"}"
N22335+2016-09-21T23:38:06.637722+556+61340+949++2016-09-21T23:38:06.637755+++"{"question": "seguro", "theLess": "https://contribua.org/bairros/norte/centro/Rua_Coronel_Salvino_Figueiredo__251_90.jpg", "theMost": "https://contribua.org/bairros/oeste/liberdade/Rua_Odon_Bezerra__306_90.jpg"}"
N22339+2016-09-21T23:38:55.171968+556+61707+949++2016-09-21T23:38:55.172002+++"{"question": "agradavel", "theLess": "equal", "theMost": "equal"}"
N22343+2016-09-21T23:40:56.327190+556+61269+949++2016-09-21T23:40:56.327225+++"{"question": "agradavel", "theLess": "equal", "theMost": "equal"}"
N22353+2016-09-22T01:13:07.584002+556+61298+950++2016-09-22T01:13:07.584036+++"{"question": "seguro", "theLess": "https://contribua.org/bairros/norte/centro/Avenida_Dom_Pedro_II__500_90.jpg", "theMost": "https://contribua.org/bairros/norte/centro/Avenida_Presidente_Joao_Pessoa__128__180.jpg"}"
N22368+2016-09-23T11:09:19.720734+556+61782+952++2016-09-23T11:09:19.720767+++"{"question": "seguro", "theLess": "https://contribua.org/bairros/norte/centro/Rua_Capitao_Joao_de_Sa__45__180.jpg", "theMost": "https://contribua.org/bairros/oeste/catole/Rua_Cristina_Procopio_da_Silva__62__90.jpg"}"
N22376+2016-09-23T11:11:47.928177+556+61838+952++2016-09-23T11:11:47.928210+++"{"question": "seguro", "theLess": "https://contribua.org/bairros/oeste/liberdade/Rua_Riachuelo__930__180.jpg", "theMost": "https://contribua.org/bairros/oeste/catole/Rua_Joao_Francisco_Mota__64__90.jpg"}"
N22378+2016-09-23T11:13:30.336430+556+61287+952++2016-09-23T11:13:30.336463+++"{"question": "agradavel", "theLess": "https://contribua.org/bairros/norte/centro/Rua_Manoel_P._de_Araujo__370_180.jpg", "theMost": "https://contribua.org/bairros/oeste/liberdade/Rua_Acre__635_270.jpg"}"
N22381+2016-09-23T11:14:23.186261+556+61298+952++2016-09-23T11:14:23.186294+++"{"question": "seguro", "theLess": "https://contribua.org/bairros/norte/centro/Avenida_Presidente_Getulio_Vargas__395__270.jpg", "theMost": "https://contribua.org/bairros/norte/centro/Avenida_Dom_Pedro_II__500_90.jpg"}"
N22386+2016-09-23T11:15:27.245326+556+61931+952++2016-09-23T11:15:27.245360+++"{"question": "agradavel", "theLess": "https://contribua.org/bairros/oeste/liberdade/Rua_Espirito_Santo__1288__0.jpg", "theMost": "https://contribua.org/bairros/oeste/liberdade/Rua_Padre_Pedro_Serrao__336__270.jpg"}"
N22391+2016-09-23T11:16:41.576699+556+61401+952++2016-09-23T11:16:41.576732+++"{"question": "agradavel", "theLess": "https://contribua.org/bairros/oeste/liberdade/Rua_Odon_Bezerra__388__90.jpg", "theMost": "https://contribua.org/bairros/oeste/liberdade/Rua_Padre_Pedro_Serrao__353__270.jpg"}"
N22395+2016-09-23T11:17:42.832117+556+61429+952++2016-09-23T11:17:42.832151+++"{"question": "agradavel", "theLess": "https://contribua.org/bairros/oeste/liberdade/Rua_Santa_Catarina__1231__0.jpg", "theMost": "https://contribua.org/bairros/oeste/liberdade/Rua_Severino_Pimentel__511_270.jpg"}"
N22400+2016-09-23T11:18:31.490092+556+61518+952++2016-09-23T11:18:31.490127+++"{"question": "seguro", "theLess": "https://contribua.org/bairros/norte/centro/Rua_Manoel_P._de_Araujo__150_270.jpg", "theMost": "https://contribua.org/bairros/norte/centro/Rua_Coronel_Salvino_Figueiredo__251_270.jpg"}"
N22406+2016-09-23T11:19:24.895272+556+61506+952++2016-09-23T11:19:24.895306+++"{"question": "seguro", "theLess": "https://contribua.org/bairros/oeste/liberdade/Rua_Riachuelo__455__0.jpg", "theMost": "https://contribua.org/bairros/oeste/catole/Rua_Inacio_Marques_da_Silva__434_270.jpg"}"
N22383+2016-09-23T11:14:52.874893+556+61690+952++2016-09-23T11:14:52.874928+++"{"question": "seguro", "theLess": "https://contribua.org/bairros/norte/centro/Rua_Felix_Araujo__48__270.jpg", "theMost": "https://contribua.org/bairros/oeste/liberdade/Rua_Riachuelo__847__180.jpg"}"
N22404+2016-09-23T11:19:09.729823+556+61647+952++2016-09-23T11:19:09.729841+++"{"question": "agradavel", "theLess": "https://contribua.org/bairros/norte/centro/Rua_Manoel_P._de_Araujo__370_0.jpg", "theMost": "https://contribua.org/bairros/norte/centro/Avenida_Presidente_Getulio_Vargas__395__90.jpg"}"
N22410+2016-09-25T14:26:22.147043+556+61635+953++2016-09-25T14:26:22.147078+++"{"question": "agradavel", "theLess": "https://contribua.org/bairros/norte/centro/Rua_Manoel_P._de_Araujo__370_180.jpg", "theMost": "https://contribua.org/bairros/oeste/catole/Rua_Doutor_Antonio_Telha__68__270.jpg"}"
N22418+2016-09-25T14:28:05.054139+556+61749+953++2016-09-25T14:28:05.054174+++"{"question": "agradavel", "theLess": "https://contribua.org/bairros/oeste/liberdade/Rua_Riachuelo__455__0.jpg", "theMost": "https://contribua.org/bairros/norte/centro/Rua_Quebra_Quilos__399__90.jpg"}"
N22432+2016-09-25T15:27:29.836874+556+61367+954++2016-09-25T15:27:29.836911+++"{"question": "agradavel", "theLess": "https://contribua.org/bairros/norte/centro/Avenida_Presidente_Getulio_Vargas__271__270.jpg", "theMost": "https://contribua.org/bairros/oeste/liberdade/Rua_Sergipe__1337_0.jpg"}"
N22434+2016-09-25T15:27:58.161985+556+61455+954++2016-09-25T15:27:58.162019+++"{"question": "agradavel", "theLess": "https://contribua.org/bairros/oeste/liberdade/Rua_Espirito_Santo__1288__180.jpg", "theMost": "https://contribua.org/bairros/norte/centro/Rua_Doutor_Severino_Cruz__411__270.jpg"}"
N22435+2016-09-25T15:28:04.922821+556+61351+954++2016-09-25T15:28:04.922857+++"{"question": "agradavel", "theLess": "https://contribua.org/bairros/norte/centro/Rua_Manoel_P._de_Araujo__370_0.jpg", "theMost": "https://contribua.org/bairros/oeste/liberdade/Rua_Severino_Pimentel__321__180.jpg"}"
N22456+2016-09-25T21:19:37.006317+556+61447+955++2016-09-25T21:19:37.006351+++"{"question": "agradavel", "theLess": "equal", "theMost": "equal"}"
N22459+2016-09-25T21:20:18.709006+556+61849+955++2016-09-25T21:20:18.709040+++"{"question": "agradavel", "theLess": "https://contribua.org/bairros/oeste/liberdade/Rua_Severino_Pimentel__321__0.jpg", "theMost": "https://contribua.org/bairros/oeste/catole/Rua_Luisa_Bezerra_Mota__246_270.jpg"}"
N22461+2016-09-25T21:20:37.189602+556+61465+955++2016-09-25T21:20:37.189634+++"{"question": "agradavel", "theLess": "equal", "theMost": "equal"}"
N22479+2016-09-25T23:38:32.258375+556+61735+956++2016-09-25T23:38:32.258410+++"{"question": "agradavel", "theLess": "https://contribua.org/bairros/oeste/liberdade/Rua_Sergipe__1337_90.jpg", "theMost": "https://contribua.org/bairros/oeste/liberdade/Rua_Riachuelo__930__180.jpg"}"
N22495+2016-09-25T23:42:28.218096+556+61418+956++2016-09-25T23:42:28.218130+++"{"question": "seguro", "theLess": "https://contribua.org/bairros/oeste/liberdade/Avenida_Assis_Chateaubriand__1334__180.jpg", "theMost": "https://contribua.org/bairros/norte/centro/Avenida_Dom_Pedro_II__500_90.jpg"}"
N22497+2016-09-25T23:43:06.387227+556+61395+956++2016-09-25T23:43:06.387268+++"{"question": "agradavel", "theLess": "https://contribua.org/bairros/oeste/catole/Rua_Olegario_Mariano__139_0.jpg", "theMost": "https://contribua.org/bairros/oeste/liberdade/Rua_Padre_Pedro_Serrao__207__90.jpg"}"
N22499+2016-09-25T23:43:36.148435+556+61857+956++2016-09-25T23:43:36.148470+++"{"question": "agradavel", "theLess": "https://contribua.org/bairros/oeste/liberdade/Rua_Sergipe__1337_0.jpg", "theMost": "https://contribua.org/bairros/oeste/liberdade/Rua_Santa_Catarina__1231__0.jpg"}"
N22518+2016-09-25T23:46:51.941118+556+61268+956++2016-09-25T23:46:51.941154+++"{"question": "seguro", "theLess": "https://contribua.org/bairros/oeste/liberdade/Avenida_Assis_Chateaubriand__1334__0.jpg", "theMost": "https://contribua.org/bairros/norte/centro/Rua_Pedro_Alvares_Cabral__129_90.jpg"}"
N22469+2016-09-25T21:26:41.270405+556+61287+955++2016-09-25T21:26:41.270438+++"{"question": "agradavel", "theLess": "https://contribua.org/bairros/norte/centro/Rua_Manoel_P._de_Araujo__370_180.jpg", "theMost": "https://contribua.org/bairros/norte/centro/Avenida_Barao_Rio_Branco__141_90.jpg"}"
N22483+2016-09-25T23:39:31.376003+556+61377+956++2016-09-25T23:39:31.376037+++"{"question": "agradavel", "theLess": "https://contribua.org/bairros/oeste/catole/Rua_Cristina_Procopio_da_Silva__62__270.jpg", "theMost": "https://contribua.org/bairros/norte/centro/Avenida_Presidente_Getulio_Vargas__395__90.jpg"}"
N22485+2016-09-25T23:40:27.556875+556+61472+956++2016-09-25T23:40:27.556908+++"{"question": "seguro", "theLess": "https://contribua.org/bairros/norte/centro/Rua_Elias_Aforas__202_180.jpg", "theMost": "https://contribua.org/bairros/norte/centro/Avenida_Presidente_Getulio_Vargas__271__270.jpg"}"
N22488+2016-09-25T23:41:02.079553+556+61498+956++2016-09-25T23:41:02.079587+++"{"question": "seguro", "theLess": "https://contribua.org/bairros/norte/centro/Rua_Manoel_P._de_Araujo__370_180.jpg", "theMost": "https://contribua.org/bairros/norte/centro/Rua_Joao_da_Mata__490_270.jpg"}"
N22500+2016-09-25T23:43:44.834861+556+61306+956++2016-09-25T23:43:44.834895+++"{"question": "seguro", "theLess": "https://contribua.org/bairros/oeste/liberdade/Rua_Edesio_Silva__602__180.jpg", "theMost": "https://contribua.org/bairros/oeste/liberdade/Rua_Odon_Bezerra__147_270.jpg"}"
N22517+2016-09-25T23:46:44.258162+556+61821+956++2016-09-25T23:46:44.258196+++"{"question": "agradavel", "theLess": "https://contribua.org/bairros/oeste/liberdade/Rua_Riachuelo__455__0.jpg", "theMost": "https://contribua.org/bairros/norte/centro/Rua_Quebra_Quilos__399__270.jpg"}"
N22532+2016-09-25T23:49:15.663833+556+61273+956++2016-09-25T23:49:15.663870+++"{"question": "agradavel", "theLess": "https://contribua.org/bairros/oeste/liberdade/Rua_Padre_Pedro_Serrao__207__270.jpg", "theMost": "https://contribua.org/bairros/norte/centro/Avenida_Presidente_Joao_Pessoa__128__90.jpg"}"
N22457+2016-09-25T21:19:56.502026+556+61508+955++2016-09-25T21:19:56.502059+++"{"question": "seguro", "theLess": "https://contribua.org/bairros/oeste/catole/Rua_Joao_Francisco_Mota__64__270.jpg", "theMost": "https://contribua.org/bairros/oeste/liberdade/Rua_Odon_Bezerra__147_90.jpg"}"
N22486+2016-09-25T23:40:40.321419+556+61933+956++2016-09-25T23:40:40.321455+++"{"question": "agradavel", "theLess": "https://contribua.org/bairros/oeste/catole/Rua_Sebastiao_Vieira_da_Silva__1273__0.jpg", "theMost": "https://contribua.org/bairros/oeste/liberdade/Rua_Padre_Pedro_Serrao__336__270.jpg"}"
N22508+2016-09-25T23:45:13.966626+556+61417+956++2016-09-25T23:45:13.966665+++"{"question": "agradavel", "theLess": "https://contribua.org/bairros/oeste/liberdade/Avenida_Assis_Chateaubriand__1334__180.jpg", "theMost": "https://contribua.org/bairros/oeste/catole/Rua_Honorio_de_Melo__240__90.jpg"}"
N22521+2016-09-25T23:47:18.349396+556+61801+956++2016-09-25T23:47:18.349431+++"{"question": "agradavel", "theLess": "https://contribua.org/bairros/oeste/catole/Rua_Doutor_Antonio_Telha__68__270.jpg", "theMost": "https://contribua.org/bairros/norte/centro/Avenida_Dom_Pedro_II__119_270.jpg"}"
N22551+2016-09-26T00:39:24.883259+556+61779+957++2016-09-26T00:39:24.883298+++"{"question": "agradavel", "theLess": "https://contribua.org/bairros/norte/centro/Rua_Capitao_Joao_de_Sa__45__180.jpg", "theMost": "https://contribua.org/bairros/oeste/liberdade/Rua_Severino_Pimentel__321__180.jpg"}"
N22554+2016-09-26T00:44:42.718490+556+61878+958++2016-09-26T00:44:42.718524+++"{"question": "seguro", "theLess": "https://contribua.org/bairros/norte/centro/Rua_Felix_Araujo__132__90.jpg", "theMost": "https://contribua.org/bairros/norte/centro/Avenida_Barao_Rio_Branco__141_270.jpg"}"
N22580+2016-09-26T01:16:09.438888+556+61928+959++2016-09-26T01:16:09.438924+++"{"question": "seguro", "theLess": "https://contribua.org/bairros/oeste/liberdade/Rua_Severino_Pimentel__321__0.jpg", "theMost": "https://contribua.org/bairros/norte/centro/Avenida_Dom_Pedro_II__500_90.jpg"}"
N22582+2016-09-26T01:17:33.378172+556+61346+959++2016-09-26T01:17:33.378212+++"{"question": "seguro", "theLess": "https://contribua.org/bairros/norte/centro/Rua_Elias_Aforas__202_0.jpg", "theMost": "https://contribua.org/bairros/oeste/liberdade/Rua_Acre__635_90.jpg"}"
N22583+2016-09-26T01:18:08.356761+556+61603+959++2016-09-26T01:18:08.356796+++"{"question": "agradavel", "theLess": "https://contribua.org/bairros/oeste/catole/Rua_Vigario_Calixto__1201_0.jpg", "theMost": "https://contribua.org/bairros/norte/centro/Avenida_Presidente_Joao_Pessoa__128__180.jpg"}"
N22590+2016-09-26T05:39:57.069105+556+61589+962++2016-09-26T05:39:57.069141+++"{"question": "agradavel", "theLess": "https://contribua.org/bairros/norte/centro/Rua_Capitao_Joao_de_Sa__45__0.jpg", "theMost": "https://contribua.org/bairros/oeste/catole/Avenida_Prefeito_Severino_Bezerra_Cabral__218_0.jpg"}"
N22545+2016-09-26T00:37:47.754065+556+61599+957++2016-09-26T00:37:47.754101+++"{"question": "agradavel", "theLess": "https://contribua.org/bairros/oeste/liberdade/Rua_Santa_Catarina__1231__180.jpg", "theMost": "https://contribua.org/bairros/norte/centro/Avenida_Presidente_Joao_Pessoa__128__90.jpg"}"
N22555+2016-09-26T00:45:00.168620+556+61901+958++2016-09-26T00:45:00.168657+++"{"question": "agradavel", "theLess": "https://contribua.org/bairros/oeste/liberdade/Rua_Santa_Catarina__1231__180.jpg", "theMost": "https://contribua.org/bairros/oeste/catole/Rua_Otacilio_Nepomuceno__76_0.jpg"}"
N22558+2016-09-26T00:45:42.498096+556+61467+958++2016-09-26T00:45:42.498130+++"{"question": "agradavel", "theLess": "https://contribua.org/bairros/norte/centro/Rua_Felix_Araujo__132__270.jpg", "theMost": "https://contribua.org/bairros/oeste/catole/Rua_Deputado_Ascendino_Moura__101__270.jpg"}"
N22566+2016-09-26T01:05:49.721218+556+61295+959++2016-09-26T01:05:49.721256+++"{"question": "agradavel", "theLess": "https://contribua.org/bairros/norte/centro/Rua_Augusto_Severo__71_0.jpg", "theMost": "https://contribua.org/bairros/norte/centro/Avenida_Barao_Rio_Branco__141_90.jpg"}"
N22599+2016-09-26T05:43:36.576971+556+61869+962++2016-09-26T05:43:36.577005+++"{"question": "agradavel", "theLess": "https://contribua.org/bairros/oeste/liberdade/Rua_Odon_Bezerra__147_270.jpg", "theMost": "https://contribua.org/bairros/oeste/catole/Rua_Olegario_Mariano__139_270.jpg"}"
N22550+2016-09-26T00:39:17.529807+556+61399+957++2016-09-26T00:39:17.529842+++"{"question": "agradavel", "theLess": "https://contribua.org/bairros/oeste/catole/Rua_Inacio_Marques_da_Silva__434_90.jpg", "theMost": "https://contribua.org/bairros/oeste/catole/Rua_Cristina_Procopio_da_Silva__62__90.jpg"}"
N22556+2016-09-26T00:45:14.182980+556+61580+958++2016-09-26T00:45:14.183020+++"{"question": "seguro", "theLess": "https://contribua.org/bairros/norte/centro/Rua_Felix_Araujo__132__90.jpg", "theMost": "https://contribua.org/bairros/oeste/catole/Avenida_Prefeito_Severino_Bezerra_Cabral__218_0.jpg"}"
N22564+2016-09-26T00:47:35.362219+556+61342+958++2016-09-26T00:47:35.362253+++"{"userProfile": {"city": "Campina Grande - PB, Brasil", "age": 19, "sex": "M", "rel": "solteiro", "educ": "graduacao", "neig": ["cen", "lib"], "clas": "baixa"}, "question": "seguro", "theLess": "equal", "theMost": "equal"}"
N22575+2016-09-26T01:13:36.045390+556+61797+959++2016-09-26T01:13:36.045426+++"{"userProfile": {"city": "Campina Grande", "age": 35, "sex": "M", "rel": "casado", "educ": "graduacao", "neig": ["cen", "cat"], "clas": "media"}, "question": "agradavel", "theLess": "https://contribua.org/bairros/oeste/liberdade/Rua_Padre_Pedro_Serrao__207__270.jpg", "theMost": "https://contribua.org/bairros/oeste/catole/Rua_Joao_Francisco_Mota__64__90.jpg"}"
N22578+2016-09-26T01:15:00.570344+556+61388+959++2016-09-26T01:15:00.570379+++"{"question": "seguro", "theLess": "https://contribua.org/bairros/oeste/catole/Rua_Aluisio_Cunha_Linha__50__90.jpg", "theMost": "https://contribua.org/bairros/oeste/catole/Rua_Doutor_Antonio_Telha_-_Catole__Campina_Grande__90.jpg"}"
N22586+2016-09-26T05:38:13.217423+556+61781+962++2016-09-26T05:38:13.217458+++"{"question": "agradavel", "theLess": "https://contribua.org/bairros/norte/centro/Rua_Capitao_Joao_de_Sa__45__180.jpg", "theMost": "https://contribua.org/bairros/oeste/catole/Rua_Cristina_Procopio_da_Silva__62__90.jpg"}"
N22595+2016-09-26T05:41:38.226641+556+61520+962++2016-09-26T05:41:38.226676+++"{"question": "seguro", "theLess": "https://contribua.org/bairros/norte/centro/Rua_Manoel_P._de_Araujo__370_0.jpg", "theMost": "https://contribua.org/bairros/norte/centro/Rua_Manoel_P._de_Araujo__150_270.jpg"}"
N22598+2016-09-26T05:43:25.801187+556+61545+962++2016-09-26T05:43:25.801221+++"{"question": "agradavel", "theLess": "https://contribua.org/bairros/norte/centro/Avenida_Presidente_Getulio_Vargas__271__90.jpg", "theMost": "https://contribua.org/bairros/norte/centro/Rua_Quebra_Quilos__399__270.jpg"}"
N22601+2016-09-26T05:44:07.433247+556+61751+962++2016-09-26T05:44:07.433282+++"{"question": "agradavel", "theLess": "https://contribua.org/bairros/oeste/liberdade/Rua_Severino_Pimentel__511_90.jpg", "theMost": "https://contribua.org/bairros/oeste/liberdade/Rua_Severino_Pimentel__321__0.jpg"}"
N22604+2016-09-26T05:44:55.788883+556+61836+962++2016-09-26T05:44:55.788918+++"{"question": "seguro", "theLess": "https://contribua.org/bairros/oeste/liberdade/Rua_Severino_Pimentel__321__180.jpg", "theMost": "https://contribua.org/bairros/oeste/catole/Rua_Cristina_Procopio_da_Silva__62__90.jpg"}"
N22612+2016-09-26T05:46:20.113957+556+61341+962++2016-09-26T05:46:20.113992+++"{"question": "agradavel", "theLess": "https://contribua.org/bairros/oeste/catole/Rua_Aluisio_Cunha_Linha__50__270.jpg", "theMost": "https://contribua.org/bairros/oeste/liberdade/Rua_Odon_Bezerra__306_90.jpg"}"
N22617+2016-09-26T05:47:19.178187+556+61884+962++2016-09-26T05:47:19.178222+++"{"question": "seguro", "theLess": "https://contribua.org/bairros/oeste/catole/Rua_Olegario_Mariano__139_180.jpg", "theMost": "https://contribua.org/bairros/norte/centro/Rua_Joao_da_Mata__490_90.jpg"}"
N22620+2016-09-26T05:48:18.780479+556+61440+962++2016-09-26T05:48:18.780515+++"{"question": "seguro", "theLess": "https://contribua.org/bairros/oeste/catole/Rua_Inacio_Marques_da_Silva__434_90.jpg", "theMost": "https://contribua.org/bairros/norte/centro/Avenida_Barao_Rio_Branco__141_270.jpg"}"
N22618+2016-09-26T05:47:50.566012+556+61699+962++2016-09-26T05:47:50.566049+++"{"question": "agradavel", "theLess": "https://contribua.org/bairros/norte/centro/Rua_Felix_Araujo__48__90.jpg", "theMost": "https://contribua.org/bairros/oeste/catole/Rua_Cristina_Procopio_da_Silva__62__90.jpg"}"
N22629+2016-09-26T05:49:59.924375+556+61842+962++2016-09-26T05:49:59.924409+++"{"question": "seguro", "theLess": "https://contribua.org/bairros/oeste/liberdade/Rua_Edesio_Silva__602__0.jpg", "theMost": "https://contribua.org/bairros/norte/centro/Rua_Joao_da_Mata__490_90.jpg"}"
N22625+2016-09-26T05:49:07.147437+556+61894+962++2016-09-26T05:49:07.147472+++"{"question": "seguro", "theLess": "https://contribua.org/bairros/oeste/liberdade/Rua_Riachuelo__455__0.jpg", "theMost": "https://contribua.org/bairros/oeste/catole/Rua_Sebastiao_Vieira_da_Silva__1273__180.jpg"}"
N22631+2016-09-26T20:28:51.857784+556+61369+963++2016-09-26T20:28:51.857835+++"{"question": "agradavel", "theLess": "equal", "theMost": "equal"}"
N22647+2016-09-26T21:35:30.953982+556+61937+964++2016-09-26T21:35:30.954017+++"{"question": "agradavel", "theLess": "https://contribua.org/bairros/norte/centro/Rua_Pedro_Alvares_Cabral__129_180.jpg", "theMost": "https://contribua.org/bairros/oeste/liberdade/Rua_Riachuelo__847__0.jpg"}"
N22686+2016-09-27T03:29:10.101554+556+61689+965++2016-09-27T03:29:10.101588+++"{"question": "agradavel", "theLess": "equal", "theMost": "equal"}"
N22700+2016-09-28T00:53:52.775086+556+61348+966++2016-09-28T00:53:52.775120+++"{"question": "seguro", "theLess": "https://contribua.org/bairros/oeste/catole/Rua_Honorio_de_Melo__240__270.jpg", "theMost": "https://contribua.org/bairros/oeste/liberdade/Rua_Odon_Bezerra__147_90.jpg"}"
N22706+2016-09-28T00:55:13.658464+556+61656+966++2016-09-28T00:55:13.658500+++"{"question": "seguro", "theLess": "https://contribua.org/bairros/norte/centro/Rua_Capitao_Joao_de_Sa__45__180.jpg", "theMost": "https://contribua.org/bairros/oeste/liberdade/Rua_Padre_Pedro_Serrao__207__90.jpg"}"
N22717+2016-09-28T00:57:38.795188+556+61806+966++2016-09-28T00:57:38.795222+++"{"question": "seguro", "theLess": "https://contribua.org/bairros/oeste/liberdade/Rua_Padre_Pedro_Serrao__336__90.jpg", "theMost": "https://contribua.org/bairros/norte/centro/Rua_Joao_da_Mata__490_90.jpg"}"
N22657+2016-09-26T22:00:26.394088+556+61769+964++2016-09-26T22:00:26.394122+++"{"question": "agradavel", "theLess": "https://contribua.org/bairros/norte/centro/Rua_Pedro_Alvares_Cabral__129_180.jpg", "theMost": "https://contribua.org/bairros/oeste/catole/Rua_Deputado_Ascendino_Moura__101__90.jpg"}"
N22660+2016-09-26T22:01:40.403290+556+61464+964++2016-09-26T22:01:40.403325+++"{"question": "seguro", "theLess": "equal", "theMost": "equal"}"
N22704+2016-09-28T00:54:50.731898+556+61854+966++2016-09-28T00:54:50.731937+++"{"question": "seguro", "theLess": "https://contribua.org/bairros/oeste/liberdade/Rua_Santa_Catarina__1231__180.jpg", "theMost": "https://contribua.org/bairros/oeste/catole/Rua_Luisa_Bezerra_Mota__246_270.jpg"}"
N22712+2016-09-28T00:56:37.250809+556+61483+966++2016-09-28T00:56:37.250843+++"{"question": "agradavel", "theLess": "https://contribua.org/bairros/oeste/liberdade/Rua_Riachuelo__455__0.jpg", "theMost": "https://contribua.org/bairros/oeste/catole/Rua_Joao_Francisco_Mota__64__270.jpg"}"
N22653+2016-09-26T21:52:34.966418+556+61831+964++2016-09-26T21:52:34.966452+++"{"question": "agradavel", "theLess": "https://contribua.org/bairros/oeste/catole/Rua_Vigario_Calixto__1201_0.jpg", "theMost": "https://contribua.org/bairros/norte/centro/Avenida_Dom_Pedro_II__500_270.jpg"}"
N22666+2016-09-27T03:25:46.311016+556+61426+965++2016-09-27T03:25:46.311052+++"{"question": "seguro", "theLess": "https://contribua.org/bairros/oeste/catole/Rua_Inacio_Marques_da_Silva__434_90.jpg", "theMost": "https://contribua.org/bairros/norte/centro/Avenida_Dom_Pedro_II__500_90.jpg"}"
N22669+2016-09-27T03:26:21.549023+556+61839+965++2016-09-27T03:26:21.549056+++"{"question": "agradavel", "theLess": "https://contribua.org/bairros/oeste/catole/Rua_Cristina_Procopio_da_Silva__62__270.jpg", "theMost": "https://contribua.org/bairros/norte/centro/Avenida_Presidente_Joao_Pessoa__128__90.jpg"}"
N22672+2016-09-27T03:26:54.674603+556+61788+965++2016-09-27T03:26:54.674639+++"{"question": "seguro", "theLess": "https://contribua.org/bairros/oeste/liberdade/Rua_Espirito_Santo__1288__0.jpg", "theMost": "https://contribua.org/bairros/oeste/catole/Rua_Inacio_Marques_da_Silva__434_270.jpg"}"
N22696+2016-09-28T00:51:20.898982+556+61678+966++2016-09-28T00:51:20.899017+++"{"question": "seguro", "theLess": "equal", "theMost": "equal"}"
N22713+2016-09-28T00:56:46.966791+556+61723+966++2016-09-28T00:56:46.966826+++"{"question": "agradavel", "theLess": "https://contribua.org/bairros/oeste/liberdade/Rua_Sergipe__1337_90.jpg", "theMost": "https://contribua.org/bairros/norte/centro/Avenida_Barao_Rio_Branco__141_270.jpg"}"
N22727+2016-09-28T00:59:08.780629+556+61935+966++2016-09-28T00:59:08.780665+++"{"question": "agradavel", "theLess": "https://contribua.org/bairros/norte/centro/Rua_Coronel_Salvino_Figueiredo__251_270.jpg", "theMost": "https://contribua.org/bairros/oeste/liberdade/Rua_Riachuelo__847__0.jpg"}"
N22735+2016-09-28T01:00:15.502424+556+61516+966++2016-09-28T01:00:15.502460+++"{"question": "seguro", "theLess": "https://contribua.org/bairros/oeste/catole/Rua_Aluisio_Cunha_Linha__50__270.jpg", "theMost": "https://contribua.org/bairros/oeste/liberdade/Rua_Odon_Bezerra__147_90.jpg"}"
N22795+2016-09-28T11:20:04.143144+556+61449+967++2016-09-28T11:20:04.143180+++"{"question": "agradavel", "theLess": "https://contribua.org/bairros/oeste/catole/Rua_Inacio_Marques_da_Silva__434_90.jpg", "theMost": "https://contribua.org/bairros/oeste/catole/Rua_Joao_Francisco_Mota__64__90.jpg"}"
N22798+2016-09-28T11:20:27.128140+556+61334+967++2016-09-28T11:20:27.128175+++"{"question": "seguro", "theLess": "https://contribua.org/bairros/oeste/liberdade/Rua_Padre_Pedro_Serrao__336__90.jpg", "theMost": "https://contribua.org/bairros/oeste/catole/Rua_Doutor_Antonio_Telha_-_Catole__Campina_Grande__90.jpg"}"
N22745+2016-09-28T01:01:27.243779+556+61821+966++2016-09-28T01:01:27.243817+++"{"question": "agradavel", "theLess": "equal", "theMost": "equal"}"
N22760+2016-09-28T11:12:13.173445+556+61670+967++2016-09-28T11:12:13.173479+++"{"question": "seguro", "theLess": "https://contribua.org/bairros/norte/centro/Rua_Felix_Araujo__132__90.jpg", "theMost": "https://contribua.org/bairros/oeste/catole/Rua_Luisa_Bezerra_Mota__246_270.jpg"}"
N22802+2016-09-28T11:21:18.366279+556+61511+967++2016-09-28T11:21:18.366314+++"{"question": "agradavel", "theLess": "https://contribua.org/bairros/oeste/liberdade/Rua_Santa_Catarina__1231__0.jpg", "theMost": "https://contribua.org/bairros/oeste/liberdade/Rua_Riachuelo__847__0.jpg"}"
N22741+2016-09-28T01:01:02.946818+556+61721+966++2016-09-28T01:01:02.946852+++"{"question": "agradavel", "theLess": "https://contribua.org/bairros/norte/centro/Rua_Pedro_Alvares_Cabral__129_90.jpg", "theMost": "https://contribua.org/bairros/oeste/catole/Rua_Honorio_de_Melo__240__90.jpg"}"
N22759+2016-09-28T11:12:05.650251+556+61902+967++2016-09-28T11:12:05.650287+++"{"userProfile": {"city": "Cabedelo - PB, Brasil", "age": 52, "sex": "M", "rel": "casado", "educ": "graduacao", "neig": ["cat"], "clas": "media alta"}, "question": "seguro", "theLess": "https://contribua.org/bairros/norte/centro/Avenida_Presidente_Getulio_Vargas__210__180.jpg", "theMost": "https://contribua.org/bairros/oeste/catole/Rua_Otacilio_Nepomuceno__76_0.jpg"}"
N22765+2016-09-28T11:13:17.866015+556+61434+967++2016-09-28T11:13:17.866048+++"{"question": "seguro", "theLess": "https://contribua.org/bairros/norte/centro/Rua_Manoel_P._de_Araujo__150_270.jpg", "theMost": "https://contribua.org/bairros/norte/centro/Rua_Quebra_Quilos__399__90.jpg"}"
N22804+2016-09-28T11:21:47.020643+556+61915+967++2016-09-28T11:21:47.020682+++"{"question": "agradavel", "theLess": "https://contribua.org/bairros/norte/centro/Rua_Pedro_Alvares_Cabral__129_180.jpg", "theMost": "https://contribua.org/bairros/norte/centro/Rua_Coronel_Salvino_Figueiredo__251_270.jpg"}"
N22803+2016-09-28T11:21:31.086714+556+61746+967++2016-09-28T11:21:31.086750+++"{"question": "seguro", "theLess": "https://contribua.org/bairros/norte/centro/Avenida_Presidente_Getulio_Vargas__210__0.jpg", "theMost": "https://contribua.org/bairros/oeste/catole/Rua_Luisa_Bezerra_Mota__246_90.jpg"}"
N22811+2016-09-28T11:23:13.547195+556+61389+967++2016-09-28T11:23:13.547230+++"{"question": "agradavel", "theLess": "https://contribua.org/bairros/norte/centro/Rua_Capitao_Joao_de_Sa__45__180.jpg", "theMost": "https://contribua.org/bairros/oeste/liberdade/Rua_Padre_Pedro_Serrao__353__90.jpg"}"
N22825+2016-09-28T11:28:47.282641+556+61325+967++2016-09-28T11:28:47.282675+++"{"question": "agradavel", "theLess": "https://contribua.org/bairros/norte/centro/Avenida_Dom_Pedro_II__119_90.jpg", "theMost": "https://contribua.org/bairros/oeste/catole/Rua_Olegario_Mariano__139_0.jpg"}"
N22844+2016-09-28T11:31:39.210623+556+61377+967++2016-09-28T11:31:39.210657+++"{"question": "agradavel", "theLess": "https://contribua.org/bairros/oeste/catole/Rua_Cristina_Procopio_da_Silva__62__270.jpg", "theMost": "https://contribua.org/bairros/oeste/catole/Rua_Doutor_Antonio_Telha__68__90.jpg"}"
N22847+2016-09-28T11:32:18.149930+556+61931+967++2016-09-28T11:32:18.149965+++"{"question": "agradavel", "theLess": "https://contribua.org/bairros/oeste/liberdade/Rua_Padre_Pedro_Serrao__336__270.jpg", "theMost": "https://contribua.org/bairros/oeste/liberdade/Rua_Severino_Pimentel__439__180.jpg"}"
N22849+2016-09-28T11:32:31.350636+556+61780+967++2016-09-28T11:32:31.350671+++"{"question": "seguro", "theLess": "https://contribua.org/bairros/norte/centro/Rua_Capitao_Joao_de_Sa__45__180.jpg", "theMost": "https://contribua.org/bairros/oeste/liberdade/Rua_Severino_Pimentel__321__180.jpg"}"
N22858+2016-09-28T11:33:45.350587+556+61601+967++2016-09-28T11:33:45.350622+++"{"question": "agradavel", "theLess": "https://contribua.org/bairros/norte/centro/Rua_Manoel_P._de_Araujo__370_0.jpg", "theMost": "https://contribua.org/bairros/oeste/liberdade/Rua_Riachuelo__930__0.jpg"}"
N22837+2016-09-28T11:30:31.031511+556+61770+967++2016-09-28T11:30:31.031548+++"{"question": "seguro", "theLess": "https://contribua.org/bairros/norte/centro/Rua_Capitao_Joao_de_Sa__45__0.jpg", "theMost": "https://contribua.org/bairros/oeste/catole/Rua_Deputado_Ascendino_Moura__101__90.jpg"}"
N22842+2016-09-28T11:31:24.122320+556+61286+967++2016-09-28T11:31:24.122353+++"{"question": "seguro", "theLess": "https://contribua.org/bairros/oeste/liberdade/Rua_Riachuelo__455__180.jpg", "theMost": "https://contribua.org/bairros/oeste/liberdade/Rua_Edesio_Silva__602__0.jpg"}"
N22861+2016-09-28T11:34:14.076842+556+61609+967++2016-09-28T11:34:14.076875+++"{"question": "agradavel", "theLess": "https://contribua.org/bairros/oeste/catole/Rua_Cristina_Procopio_da_Silva__62__270.jpg", "theMost": "https://contribua.org/bairros/oeste/liberdade/Rua_Severino_Pimentel__439__0.jpg"}"
N22869+2016-09-28T11:35:13.453450+556+61768+967++2016-09-28T11:35:13.453483+++"{"question": "seguro", "theLess": "https://contribua.org/bairros/norte/centro/Avenida_Presidente_Getulio_Vargas__210__0.jpg", "theMost": "https://contribua.org/bairros/oeste/liberdade/Rua_Riachuelo__847__180.jpg"}"
N22824+2016-09-28T11:28:40.858257+556+61749+967++2016-09-28T11:28:40.858291+++"{"question": "agradavel", "theLess": "https://contribua.org/bairros/norte/centro/Avenida_Presidente_Getulio_Vargas__210__180.jpg", "theMost": "https://contribua.org/bairros/norte/centro/Rua_Quebra_Quilos__399__90.jpg"}"
N22846+2016-09-28T11:31:59.118779+556+61544+967++2016-09-28T11:31:59.118812+++"{"question": "seguro", "theLess": "https://contribua.org/bairros/norte/centro/Rua_Doutor_Severino_Cruz__411__90.jpg", "theMost": "https://contribua.org/bairros/norte/centro/Avenida_Presidente_Joao_Pessoa__128__180.jpg"}"
N22851+2016-09-28T11:32:46.882412+556+61936+967++2016-09-28T11:32:46.882446+++"{"question": "seguro", "theLess": "https://contribua.org/bairros/oeste/liberdade/Rua_Espirito_Santo__1288__0.jpg", "theMost": "https://contribua.org/bairros/norte/centro/Rua_Coronel_Salvino_Figueiredo__251_270.jpg"}"
N22854+2016-09-28T11:33:15.061037+556+61319+967++2016-09-28T11:33:15.061071+++"{"question": "agradavel", "theLess": "https://contribua.org/bairros/norte/centro/Rua_Manoel_P._de_Araujo__150_90.jpg", "theMost": "https://contribua.org/bairros/oeste/liberdade/Rua_Riachuelo__455__180.jpg"}"
N22859+2016-09-28T11:34:00.269507+556+61313+967++2016-09-28T11:34:00.269542+++"{"question": "agradavel", "theLess": "https://contribua.org/bairros/oeste/liberdade/Rua_Edesio_Silva__602__180.jpg", "theMost": "https://contribua.org/bairros/oeste/liberdade/Rua_Acre__635_270.jpg"}"
N22882+2016-09-28T11:36:54.481209+556+61576+967++2016-09-28T11:36:54.481243+++"{"question": "seguro", "theLess": "https://contribua.org/bairros/oeste/liberdade/Rua_Odon_Bezerra__306_270.jpg", "theMost": "https://contribua.org/bairros/oeste/catole/Rua_Doutor_Antonio_Telha_-_Catole__Campina_Grande__90.jpg"}"
N22890+2016-09-28T11:38:11.682472+556+61679+967++2016-09-28T11:38:11.682506+++"{"question": "agradavel", "theLess": "https://contribua.org/bairros/oeste/catole/Rua_Sebastiao_Vieira_da_Silva__1273__0.jpg", "theMost": "https://contribua.org/bairros/norte/centro/Rua_Elias_Aforas__67__180.jpg"}"
N22893+2016-09-28T11:38:33.759027+556+61857+967++2016-09-28T11:38:33.759062+++"{"question": "agradavel", "theLess": "https://contribua.org/bairros/oeste/catole/Rua_Sebastiao_Vieira_da_Silva__1273__180.jpg", "theMost": "https://contribua.org/bairros/oeste/liberdade/Rua_Severino_Pimentel__321__180.jpg"}"
N22903+2016-09-28T11:39:54.569419+556+61423+967++2016-09-28T11:39:54.569453+++"{"question": "agradavel", "theLess": "https://contribua.org/bairros/norte/centro/Rua_Pedro_Alvares_Cabral__129_90.jpg", "theMost": "https://contribua.org/bairros/oeste/liberdade/Rua_Severino_Pimentel__321__180.jpg"}"
N22910+2016-09-28T11:40:35.033867+556+61726+967++2016-09-28T11:40:35.033905+++"{"question": "seguro", "theLess": "https://contribua.org/bairros/oeste/liberdade/Rua_Sergipe__1337_90.jpg", "theMost": "https://contribua.org/bairros/oeste/catole/Rua_Otacilio_Nepomuceno__76_90.jpg"}"
N22927+2016-09-28T11:42:55.927091+556+61444+967++2016-09-28T11:42:55.927127+++"{"question": "seguro", "theLess": "https://contribua.org/bairros/oeste/catole/Rua_Inacio_Marques_da_Silva__434_90.jpg", "theMost": "https://contribua.org/bairros/oeste/catole/Rua_Doutor_Antonio_Telha_-_Catole__Campina_Grande__90.jpg"}"
N22941+2016-09-28T11:45:10.481438+556+61642+967++2016-09-28T11:45:10.481472+++"{"question": "seguro", "theLess": "https://contribua.org/bairros/norte/centro/Rua_Felix_Araujo__132__270.jpg", "theMost": "https://contribua.org/bairros/oeste/liberdade/Rua_Espirito_Santo__1288__0.jpg"}"
N22949+2016-09-28T11:46:11.361548+556+61893+967++2016-09-28T11:46:11.361583+++"{"question": "agradavel", "theLess": "https://contribua.org/bairros/norte/centro/Avenida_Presidente_Getulio_Vargas__210__0.jpg", "theMost": "https://contribua.org/bairros/oeste/liberdade/Rua_Riachuelo__455__0.jpg"}"
N22883+2016-09-28T11:37:02.349432+556+61652+967++2016-09-28T11:37:02.349465+++"{"question": "seguro", "theLess": "https://contribua.org/bairros/norte/centro/Rua_Elias_Aforas__202_0.jpg", "theMost": "https://contribua.org/bairros/oeste/catole/Rua_Vigario_Calixto__1201_180.jpg"}"
N22886+2016-09-28T11:37:34.470524+556+61892+967++2016-09-28T11:37:34.470560+++"{"question": "seguro", "theLess": "https://contribua.org/bairros/oeste/catole/Rua_Cristina_Procopio_da_Silva__62__270.jpg", "theMost": "https://contribua.org/bairros/oeste/catole/Rua_Olegario_Mariano__139_180.jpg"}"
N22894+2016-09-28T11:38:39.534135+556+61667+967++2016-09-28T11:38:39.534172+++"{"question": "agradavel", "theLess": "https://contribua.org/bairros/norte/centro/Rua_Pedro_Alvares_Cabral__129_90.jpg", "theMost": "https://contribua.org/bairros/norte/centro/Rua_Elias_Aforas__67__180.jpg"}"
N22896+2016-09-28T11:38:58.347410+556+61566+967++2016-09-28T11:38:58.347445+++"{"question": "seguro", "theLess": "https://contribua.org/bairros/oeste/liberdade/Rua_Odon_Bezerra__306_270.jpg", "theMost": "https://contribua.org/bairros/oeste/catole/Rua_Olegario_Mariano__139_0.jpg"}"
N22912+2016-09-28T11:40:53.052182+556+61600+967++2016-09-28T11:40:53.052217+++"{"question": "seguro", "theLess": "https://contribua.org/bairros/oeste/catole/Rua_Doutor_Antonio_Telha__235_180.jpg", "theMost": "https://contribua.org/bairros/oeste/catole/Rua_Joao_Francisco_Mota__64__90.jpg"}"
N22920+2016-09-28T11:42:02.118264+556+61285+967++2016-09-28T11:42:02.118299+++"{"question": "agradavel", "theLess": "https://contribua.org/bairros/oeste/liberdade/Rua_Odon_Bezerra__147_270.jpg", "theMost": "https://contribua.org/bairros/oeste/liberdade/Rua_Edesio_Silva__602__0.jpg"}"
N22926+2016-09-28T11:42:50.446842+556+61937+967++2016-09-28T11:42:50.446876+++"{"question": "agradavel", "theLess": "https://contribua.org/bairros/norte/centro/Rua_Pedro_Alvares_Cabral__129_180.jpg", "theMost": "https://contribua.org/bairros/oeste/liberdade/Rua_Riachuelo__847__0.jpg"}"
N22935+2016-09-28T11:44:27.825568+556+61420+967++2016-09-28T11:44:27.825601+++"{"question": "seguro", "theLess": "https://contribua.org/bairros/norte/centro/Rua_Pedro_Alvares_Cabral__129_90.jpg", "theMost": "https://contribua.org/bairros/oeste/catole/Rua_Honorio_de_Melo__240__90.jpg"}"
N22951+2016-09-28T11:46:24.805558+556+61861+967++2016-09-28T11:46:24.805591+++"{"question": "agradavel", "theLess": "https://contribua.org/bairros/norte/centro/Avenida_Presidente_Getulio_Vargas__210__180.jpg", "theMost": "https://contribua.org/bairros/oeste/catole/Rua_Doutor_Antonio_Telha_-_Catole__Campina_Grande__90.jpg"}"
N22954+2016-09-28T11:46:42.574607+556+61663+967++2016-09-28T11:46:42.574643+++"{"question": "agradavel", "theLess": "https://contribua.org/bairros/norte/centro/Rua_Elias_Aforas__202_0.jpg", "theMost": "https://contribua.org/bairros/oeste/liberdade/Rua_Severino_Pimentel__439__0.jpg"}"
N22905+2016-09-28T11:40:05.043915+556+61736+967++2016-09-28T11:40:05.043951+++"{"question": "seguro", "theLess": "https://contribua.org/bairros/oeste/liberdade/Rua_Sergipe__1337_90.jpg", "theMost": "https://contribua.org/bairros/oeste/liberdade/Rua_Riachuelo__930__180.jpg"}"
N22911+2016-09-28T11:40:44.049501+556+61356+967++2016-09-28T11:40:44.049535+++"{"question": "seguro", "theLess": "https://contribua.org/bairros/norte/centro/Rua_Felix_Araujo__132__270.jpg", "theMost": "https://contribua.org/bairros/norte/centro/Avenida_Presidente_Getulio_Vargas__271__270.jpg"}"
N22917+2016-09-28T11:41:38.459243+556+61562+967++2016-09-28T11:41:38.459280+++"{"question": "seguro", "theLess": "https://contribua.org/bairros/norte/centro/Rua_Felix_Araujo__48__90.jpg", "theMost": "https://contribua.org/bairros/oeste/catole/Rua_Doutor_Antonio_Telha_-_Catole__Campina_Grande__270.jpg"}"
N22922+2016-09-28T11:42:18.425780+556+61866+967++2016-09-28T11:42:18.425822+++"{"question": "seguro", "theLess": "https://contribua.org/bairros/oeste/liberdade/Rua_Riachuelo__455__180.jpg", "theMost": "https://contribua.org/bairros/oeste/catole/Rua_Olegario_Mariano__139_0.jpg"}"
N22928+2016-09-28T11:43:06.904847+556+61338+967++2016-09-28T11:43:06.904884+++"{"question": "seguro", "theLess": "https://contribua.org/bairros/norte/centro/Rua_Elias_Aforas__67__0.jpg", "theMost": "https://contribua.org/bairros/oeste/catole/Rua_Olegario_Mariano__139_270.jpg"}"
N22950+2016-09-28T11:46:19.559779+556+61282+967++2016-09-28T11:46:19.559814+++"{"question": "seguro", "theLess": "https://contribua.org/bairros/oeste/catole/Rua_Doutor_Antonio_Telha__235_0.jpg", "theMost": "https://contribua.org/bairros/norte/centro/Rua_Quebra_Quilos__399__90.jpg"}"
N22958+2016-09-28T11:47:07.253545+556+61318+967++2016-09-28T11:47:07.253581+++"{"question": "seguro", "theLess": "https://contribua.org/bairros/oeste/liberdade/Rua_Edesio_Silva__602__180.jpg", "theMost": "https://contribua.org/bairros/norte/centro/Rua_Felix_Araujo__48__270.jpg"}"
N22974+2016-09-28T11:49:23.005652+556+61715+967++2016-09-28T11:49:23.005688+++"{"question": "agradavel", "theLess": "https://contribua.org/bairros/norte/centro/Rua_Pedro_Alvares_Cabral__129_90.jpg", "theMost": "https://contribua.org/bairros/oeste/liberdade/Rua_Riachuelo__930__0.jpg"}"
N22984+2016-09-28T11:50:39.102994+556+61439+967++2016-09-28T11:50:39.103029+++"{"question": "agradavel", "theLess": "https://contribua.org/bairros/oeste/catole/Rua_Inacio_Marques_da_Silva__434_90.jpg", "theMost": "https://contribua.org/bairros/oeste/liberdade/Rua_Edesio_Silva__602__0.jpg"}"
N22989+2016-09-28T11:51:17.880458+556+61500+967++2016-09-28T11:51:17.880497+++"{"question": "seguro", "theLess": "https://contribua.org/bairros/norte/centro/Rua_Joao_da_Mata__490_270.jpg", "theMost": "https://contribua.org/bairros/oeste/catole/Rua_Honorio_de_Melo__240__270.jpg"}"
N23009+2016-09-28T11:54:11.774743+556+61587+967++2016-09-28T11:54:11.774779+++"{"question": "agradavel", "theLess": "https://contribua.org/bairros/norte/centro/Rua_Augusto_Severo__71_90.jpg", "theMost": "https://contribua.org/bairros/oeste/catole/Avenida_Prefeito_Severino_Bezerra_Cabral__218_0.jpg"}"
N22959+2016-09-28T11:47:12.490919+556+61870+967++2016-09-28T11:47:12.490952+++"{"question": "seguro", "theLess": "https://contribua.org/bairros/oeste/liberdade/Rua_Odon_Bezerra__147_270.jpg", "theMost": "https://contribua.org/bairros/oeste/catole/Rua_Olegario_Mariano__139_270.jpg"}"
N22965+2016-09-28T11:48:05.669252+556+61602+967++2016-09-28T11:48:05.669286+++"{"question": "seguro", "theLess": "https://contribua.org/bairros/oeste/catole/Rua_Doutor_Antonio_Telha__235_180.jpg", "theMost": "https://contribua.org/bairros/oeste/liberdade/Rua_Riachuelo__930__0.jpg"}"
N22968+2016-09-28T11:48:21.139015+556+61907+967++2016-09-28T11:48:21.139050+++"{"question": "agradavel", "theLess": "https://contribua.org/bairros/oeste/liberdade/Rua_Santa_Catarina__1231__180.jpg", "theMost": "https://contribua.org/bairros/oeste/catole/Rua_Doutor_Antonio_Telha_-_Catole__Campina_Grande__270.jpg"}"
N22997+2016-09-28T11:52:09.279683+556+61402+967++2016-09-28T11:52:09.279721+++"{"question": "seguro", "theLess": "https://contribua.org/bairros/oeste/liberdade/Rua_Odon_Bezerra__388__90.jpg", "theMost": "https://contribua.org/bairros/oeste/liberdade/Rua_Padre_Pedro_Serrao__353__90.jpg"}"
N23005+2016-09-28T11:53:40.015219+556+61400+967++2016-09-28T11:53:40.015253+++"{"question": "seguro", "theLess": "https://contribua.org/bairros/oeste/catole/Rua_Inacio_Marques_da_Silva__434_90.jpg", "theMost": "https://contribua.org/bairros/oeste/liberdade/Rua_Padre_Pedro_Serrao__353__90.jpg"}"
N23010+2016-09-28T11:54:17.540923+556+61750+967++2016-09-28T11:54:17.540957+++"{"question": "seguro", "theLess": "https://contribua.org/bairros/norte/centro/Avenida_Presidente_Getulio_Vargas__210__180.jpg", "theMost": "https://contribua.org/bairros/norte/centro/Rua_Quebra_Quilos__399__90.jpg"}"
N23012+2016-09-28T11:54:39.011490+556+61486+967++2016-09-28T11:54:39.011527+++"{"question": "seguro", "theLess": "https://contribua.org/bairros/norte/centro/Rua_Joao_da_Mata__490_270.jpg", "theMost": "https://contribua.org/bairros/norte/centro/Rua_Elias_Aforas__67__0.jpg"}"
N23018+2016-09-28T11:55:28.520687+556+61343+967++2016-09-28T11:55:28.520724+++"{"question": "agradavel", "theLess": "https://contribua.org/bairros/oeste/liberdade/Rua_Odon_Bezerra__306_90.jpg", "theMost": "https://contribua.org/bairros/oeste/catole/Rua_Doutor_Antonio_Telha_-_Catole__Campina_Grande__90.jpg"}"
N22982+2016-09-28T11:50:25.542639+556+61568+967++2016-09-28T11:50:25.542672+++"{"question": "seguro", "theLess": "https://contribua.org/bairros/norte/centro/Rua_Augusto_Severo__71_0.jpg", "theMost": "https://contribua.org/bairros/oeste/catole/Rua_Olegario_Mariano__139_270.jpg"}"
N22985+2016-09-28T11:50:43.985796+556+61643+967++2016-09-28T11:50:43.985832+++"{"question": "agradavel", "theLess": "https://contribua.org/bairros/norte/centro/Rua_Felix_Araujo__132__270.jpg", "theMost": "https://contribua.org/bairros/oeste/liberdade/Rua_Acre__635_270.jpg"}"
N22993+2016-09-28T11:51:40.062693+556+61407+967++2016-09-28T11:51:40.062726+++"{"question": "agradavel", "theLess": "https://contribua.org/bairros/norte/centro/Rua_Felix_Araujo__48__270.jpg", "theMost": "https://contribua.org/bairros/oeste/catole/Rua_Honorio_de_Melo__240__90.jpg"}"
N23016+2016-09-28T11:55:14.366595+556+61519+967++2016-09-28T11:55:14.366628+++"{"question": "agradavel", "theLess": "https://contribua.org/bairros/norte/centro/Rua_Pedro_Alvares_Cabral__129_90.jpg", "theMost": "https://contribua.org/bairros/oeste/liberdade/Avenida_Assis_Chateaubriand__1334__180.jpg"}"
N23080+2016-09-28T12:03:57.709950+556+61774+967++2016-09-28T12:03:57.709984+++"{"question": "seguro", "theLess": "https://contribua.org/bairros/norte/centro/Rua_Coronel_Salvino_Figueiredo__251_90.jpg", "theMost": "https://contribua.org/bairros/oeste/catole/Rua_Otacilio_Nepomuceno__76_90.jpg"}"
N23083+2016-09-28T12:04:33.738783+556+61302+967++2016-09-28T12:04:33.738801+++"{"question": "seguro", "theLess": "https://contribua.org/bairros/oeste/liberdade/Rua_Edesio_Silva__602__180.jpg", "theMost": "https://contribua.org/bairros/norte/centro/Rua_Doutor_Severino_Cruz__411__90.jpg"}"
N23094+2016-09-28T12:06:21.126722+556+61678+967++2016-09-28T12:06:21.126758+++"{"question": "seguro", "theLess": "https://contribua.org/bairros/norte/centro/Avenida_Presidente_Getulio_Vargas__395__90.jpg", "theMost": "https://contribua.org/bairros/oeste/catole/Rua_Honorio_de_Melo__240__270.jpg"}"
N23040+2016-09-28T11:58:38.838775+556+61933+967++2016-09-28T11:58:38.838810+++"{"question": "agradavel", "theLess": "https://contribua.org/bairros/oeste/catole/Rua_Sebastiao_Vieira_da_Silva__1273__0.jpg", "theMost": "https://contribua.org/bairros/oeste/catole/Rua_Joao_Francisco_Mota__64__270.jpg"}"
N23048+2016-09-28T11:59:55.240897+556+61384+967++2016-09-28T11:59:55.240932+++"{"question": "seguro", "theLess": "https://contribua.org/bairros/oeste/catole/Rua_Aluisio_Cunha_Linha__50__90.jpg", "theMost": "https://contribua.org/bairros/oeste/liberdade/Rua_Padre_Pedro_Serrao__353__270.jpg"}"
N23054+2016-09-28T12:00:43.629427+556+61546+967++2016-09-28T12:00:43.629460+++"{"question": "seguro", "theLess": "https://contribua.org/bairros/oeste/catole/Rua_Doutor_Antonio_Telha__235_0.jpg", "theMost": "https://contribua.org/bairros/norte/centro/Rua_Quebra_Quilos__399__270.jpg"}"
N23057+2016-09-28T12:01:07.112205+556+61888+967++2016-09-28T12:01:07.112223+++"{"question": "seguro", "theLess": "https://contribua.org/bairros/oeste/catole/Rua_Cristina_Procopio_da_Silva__62__270.jpg", "theMost": "https://contribua.org/bairros/oeste/catole/Rua_Joao_Francisco_Mota__64__270.jpg"}"
N23059+2016-09-28T12:01:26.146394+556+61445+967++2016-09-28T12:01:26.146429+++"{"question": "agradavel", "theLess": "https://contribua.org/bairros/oeste/catole/Rua_Doutor_Antonio_Telha__235_0.jpg", "theMost": "https://contribua.org/bairros/oeste/catole/Avenida_Prefeito_Severino_Bezerra_Cabral__218_90.jpg"}"
N23092+2016-09-28T12:05:58.971522+556+61897+967++2016-09-28T12:05:58.971555+++"{"question": "agradavel", "theLess": "https://contribua.org/bairros/norte/centro/Avenida_Presidente_Getulio_Vargas__210__0.jpg", "theMost": "https://contribua.org/bairros/oeste/catole/Rua_Doutor_Antonio_Telha__68__90.jpg"}"
N23037+2016-09-28T11:58:08.943723+556+61425+967++2016-09-28T11:58:08.943758+++"{"question": "agradavel", "theLess": "https://contribua.org/bairros/oeste/catole/Rua_Inacio_Marques_da_Silva__434_90.jpg", "theMost": "https://contribua.org/bairros/oeste/liberdade/Rua_Severino_Pimentel__511_270.jpg"}"
N23042+2016-09-28T11:58:54.462244+556+61694+967++2016-09-28T11:58:54.462277+++"{"question": "seguro", "theLess": "https://contribua.org/bairros/norte/centro/Rua_Manoel_P._de_Araujo__370_180.jpg", "theMost": "https://contribua.org/bairros/oeste/liberdade/Rua_Padre_Pedro_Serrao__336__270.jpg"}"
N23044+2016-09-28T11:59:10.988330+556+61778+967++2016-09-28T11:59:10.988367+++"{"question": "seguro", "theLess": "https://contribua.org/bairros/norte/centro/Rua_Capitao_Joao_de_Sa__45__180.jpg", "theMost": "https://contribua.org/bairros/oeste/liberdade/Rua_Severino_Pimentel__511_90.jpg"}"
N23049+2016-09-28T12:00:00.258872+556+61387+967++2016-09-28T12:00:00.258906+++"{"question": "agradavel", "theLess": "https://contribua.org/bairros/oeste/catole/Rua_Doutor_Antonio_Telha__235_0.jpg", "theMost": "https://contribua.org/bairros/oeste/catole/Rua_Doutor_Antonio_Telha_-_Catole__Campina_Grande__90.jpg"}"
N23071+2016-09-28T12:02:52.639719+556+61357+967++2016-09-28T12:02:52.639756+++"{"question": "agradavel", "theLess": "https://contribua.org/bairros/norte/centro/Avenida_Presidente_Getulio_Vargas__271__270.jpg", "theMost": "https://contribua.org/bairros/oeste/catole/Rua_Inacio_Marques_da_Silva__434_270.jpg"}"
N23079+2016-09-28T12:03:48.006214+556+61880+967++2016-09-28T12:03:48.006249+++"{"question": "seguro", "theLess": "https://contribua.org/bairros/norte/centro/Rua_Felix_Araujo__132__90.jpg", "theMost": "https://contribua.org/bairros/oeste/catole/Rua_Olegario_Mariano__139_90.jpg"}"
N23082+2016-09-28T12:04:23.433216+556+61772+967++2016-09-28T12:04:23.433251+++"{"question": "seguro", "theLess": "https://contribua.org/bairros/norte/centro/Rua_Manoel_P._de_Araujo__370_180.jpg", "theMost": "https://contribua.org/bairros/norte/centro/Rua_Quebra_Quilos__399__270.jpg"}"
N23096+2016-09-28T12:06:32.007148+556+61834+967++2016-09-28T12:06:32.007186+++"{"question": "seguro", "theLess": "https://contribua.org/bairros/oeste/liberdade/Rua_Padre_Pedro_Serrao__207__270.jpg", "theMost": "https://contribua.org/bairros/oeste/catole/Rua_Honorio_de_Melo__240__270.jpg"}"
N23102+2016-09-28T12:07:13.093165+556+61752+967++2016-09-28T12:07:13.093201+++"{"question": "seguro", "theLess": "https://contribua.org/bairros/oeste/liberdade/Rua_Odon_Bezerra__388__270.jpg", "theMost": "https://contribua.org/bairros/oeste/liberdade/Rua_Severino_Pimentel__511_90.jpg"}"
N23126+2016-09-28T12:10:40.214293+556+61913+967++2016-09-28T12:10:40.214326+++"{"question": "agradavel", "theLess": "https://contribua.org/bairros/norte/centro/Avenida_Dom_Pedro_II__119_270.jpg", "theMost": "https://contribua.org/bairros/oeste/catole/Rua_Olegario_Mariano__139_90.jpg"}"
N23131+2016-09-28T12:11:14.758189+556+61556+967++2016-09-28T12:11:14.758222+++"{"question": "seguro", "theLess": "https://contribua.org/bairros/oeste/catole/Rua_Aluisio_Cunha_Linha__50__270.jpg", "theMost": "https://contribua.org/bairros/oeste/catole/Rua_Luisa_Bezerra_Mota__246_270.jpg"}"
N23103+2016-09-28T12:07:23.110857+556+61428+967++2016-09-28T12:07:23.110892+++"{"question": "seguro", "theLess": "https://contribua.org/bairros/norte/centro/Avenida_Presidente_Getulio_Vargas__210__0.jpg", "theMost": "https://contribua.org/bairros/oeste/liberdade/Rua_Severino_Pimentel__511_270.jpg"}"
N23117+2016-09-28T12:09:20.420217+556+61779+967++2016-09-28T12:09:20.420253+++"{"question": "agradavel", "theLess": "https://contribua.org/bairros/norte/centro/Rua_Capitao_Joao_de_Sa__45__180.jpg", "theMost": "https://contribua.org/bairros/oeste/liberdade/Rua_Severino_Pimentel__321__180.jpg"}"
N23124+2016-09-28T12:10:26.825982+556+61934+967++2016-09-28T12:10:26.826019+++"{"question": "seguro", "theLess": "https://contribua.org/bairros/oeste/catole/Rua_Sebastiao_Vieira_da_Silva__1273__0.jpg", "theMost": "https://contribua.org/bairros/oeste/liberdade/Rua_Padre_Pedro_Serrao__336__270.jpg"}"
N23132+2016-09-28T12:11:20.755088+556+61710+967++2016-09-28T12:11:20.755123+++"{"question": "seguro", "theLess": "https://contribua.org/bairros/norte/centro/Rua_Felix_Araujo__48__90.jpg", "theMost": "https://contribua.org/bairros/norte/centro/Rua_Quebra_Quilos__399__90.jpg"}"
N23145+2016-09-28T12:13:13.494235+556+61346+967++2016-09-28T12:13:13.494272+++"{"question": "seguro", "theLess": "https://contribua.org/bairros/oeste/liberdade/Rua_Odon_Bezerra__306_90.jpg", "theMost": "https://contribua.org/bairros/oeste/liberdade/Rua_Acre__635_90.jpg"}"
N23153+2016-09-28T12:14:08.626875+556+61267+967++2016-09-28T12:14:08.626909+++"{"question": "agradavel", "theLess": "https://contribua.org/bairros/norte/centro/Rua_Felix_Araujo__132__90.jpg", "theMost": "https://contribua.org/bairros/oeste/liberdade/Avenida_Assis_Chateaubriand__1334__0.jpg"}"
N23167+2016-09-28T12:47:22.826244+556+61488+967++2016-09-28T12:47:22.826278+++"{"question": "seguro", "theLess": "https://contribua.org/bairros/oeste/catole/Rua_Doutor_Antonio_Telha__68__270.jpg", "theMost": "https://contribua.org/bairros/norte/centro/Rua_Joao_da_Mata__490_270.jpg"}"
N23215+2016-09-28T12:53:07.805078+556+61825+967++2016-09-28T12:53:07.805113+++"{"question": "agradavel", "theLess": "https://contribua.org/bairros/norte/centro/Avenida_Presidente_Getulio_Vargas__210__0.jpg", "theMost": "https://contribua.org/bairros/oeste/liberdade/Rua_Riachuelo__847__180.jpg"}"
N23231+2016-09-28T12:55:37.772766+556+61283+967++2016-09-28T12:55:37.772802+++"{"question": "agradavel", "theLess": "https://contribua.org/bairros/norte/centro/Avenida_Dom_Pedro_II__119_270.jpg", "theMost": "https://contribua.org/bairros/oeste/liberdade/Rua_Acre__635_90.jpg"}"
N23175+2016-09-28T12:48:13.437637+556+61593+967++2016-09-28T12:48:13.437673+++"{"question": "agradavel", "theLess": "https://contribua.org/bairros/norte/centro/Rua_Augusto_Severo__71_0.jpg", "theMost": "https://contribua.org/bairros/oeste/catole/Rua_Honorio_de_Melo__240__90.jpg"}"
N23194+2016-09-28T12:50:30.922687+556+61480+967++2016-09-28T12:50:30.922720+++"{"question": "seguro", "theLess": "https://contribua.org/bairros/norte/centro/Avenida_Presidente_Getulio_Vargas__395__270.jpg", "theMost": "https://contribua.org/bairros/oeste/catole/Rua_Luisa_Bezerra_Mota__246_270.jpg"}"
N23208+2016-09-28T12:52:16.395256+556+61639+967++2016-09-28T12:52:16.395291+++"{"question": "agradavel", "theLess": "https://contribua.org/bairros/norte/centro/Avenida_Presidente_Getulio_Vargas__210__0.jpg", "theMost": "https://contribua.org/bairros/norte/centro/Rua_Coronel_Salvino_Figueiredo__251_270.jpg"}"
N23221+2016-09-28T12:54:00.510316+556+61773+967++2016-09-28T12:54:00.510350+++"{"question": "agradavel", "theLess": "https://contribua.org/bairros/norte/centro/Rua_Coronel_Salvino_Figueiredo__251_90.jpg", "theMost": "https://contribua.org/bairros/oeste/catole/Rua_Otacilio_Nepomuceno__76_90.jpg"}"
N23227+2016-09-28T12:55:01.069787+556+61521+967++2016-09-28T12:55:01.069825+++"{"question": "agradavel", "theLess": "https://contribua.org/bairros/norte/centro/Rua_Augusto_Severo__71_0.jpg", "theMost": "https://contribua.org/bairros/oeste/liberdade/Rua_Edesio_Silva__602__0.jpg"}"
N23232+2016-09-28T12:55:46.406813+556+61291+967++2016-09-28T12:55:46.406848+++"{"question": "agradavel", "theLess": "https://contribua.org/bairros/oeste/liberdade/Rua_Severino_Pimentel__439__0.jpg", "theMost": "https://contribua.org/bairros/oeste/catole/Rua_Deputado_Ascendino_Moura__101__270.jpg"}"
N23235+2016-09-28T12:56:22.563789+556+61607+967++2016-09-28T12:56:22.563831+++"{"question": "agradavel", "theLess": "https://contribua.org/bairros/oeste/catole/Rua_Sebastiao_Vieira_da_Silva__1273__180.jpg", "theMost": "https://contribua.org/bairros/oeste/liberdade/Rua_Severino_Pimentel__439__0.jpg"}"
N23241+2016-09-28T12:57:24.071085+556+61399+967++2016-09-28T12:57:24.071121+++"{"question": "agradavel", "theLess": "https://contribua.org/bairros/norte/centro/Rua_Manoel_P._de_Araujo__150_90.jpg", "theMost": "https://contribua.org/bairros/oeste/catole/Rua_Cristina_Procopio_da_Silva__62__90.jpg"}"
N23181+2016-09-28T12:49:04.218693+556+61502+967++2016-09-28T12:49:04.218728+++"{"question": "seguro", "theLess": "https://contribua.org/bairros/oeste/liberdade/Rua_Odon_Bezerra__306_90.jpg", "theMost": "https://contribua.org/bairros/oeste/catole/Avenida_Prefeito_Severino_Bezerra_Cabral__218_0.jpg"}"
N23195+2016-09-28T12:50:36.649536+556+61559+967++2016-09-28T12:50:36.649572+++"{"question": "agradavel", "theLess": "https://contribua.org/bairros/oeste/catole/Rua_Sebastiao_Vieira_da_Silva__1273__180.jpg", "theMost": "https://contribua.org/bairros/oeste/liberdade/Rua_Padre_Pedro_Serrao__336__270.jpg"}"
N23206+2016-09-28T12:51:57.238864+556+61490+967++2016-09-28T12:51:57.238898+++"{"question": "seguro", "theLess": "https://contribua.org/bairros/norte/centro/Avenida_Presidente_Getulio_Vargas__395__270.jpg", "theMost": "https://contribua.org/bairros/norte/centro/Rua_Joao_da_Mata__490_270.jpg"}"
N23217+2016-09-28T12:53:26.599274+556+61874+967++2016-09-28T12:53:26.599292+++"{"question": "seguro", "theLess": "https://contribua.org/bairros/oeste/liberdade/Rua_Riachuelo__455__180.jpg", "theMost": "https://contribua.org/bairros/oeste/catole/Rua_Olegario_Mariano__139_90.jpg"}"
N23222+2016-09-28T12:54:17.001472+556+61430+967++2016-09-28T12:54:17.001507+++"{"question": "seguro", "theLess": "https://contribua.org/bairros/oeste/catole/Rua_Sebastiao_Vieira_da_Silva__1273__0.jpg", "theMost": "https://contribua.org/bairros/oeste/liberdade/Rua_Padre_Pedro_Serrao__336__90.jpg"}"
N23225+2016-09-28T12:54:47.831478+556+61531+967++2016-09-28T12:54:47.831497+++"{"question": "agradavel", "theLess": "https://contribua.org/bairros/norte/centro/Rua_Pedro_Alvares_Cabral__129_90.jpg", "theMost": "https://contribua.org/bairros/oeste/catole/Rua_Doutor_Antonio_Telha_-_Catole__Campina_Grande__270.jpg"}"
N23228+2016-09-28T12:55:08.713460+556+61288+967++2016-09-28T12:55:08.713497+++"{"question": "seguro", "theLess": "https://contribua.org/bairros/norte/centro/Rua_Manoel_P._de_Araujo__370_180.jpg", "theMost": "https://contribua.org/bairros/oeste/liberdade/Rua_Acre__635_270.jpg"}"
N23233+2016-09-28T12:56:02.438340+556+61728+967++2016-09-28T12:56:02.438375+++"{"question": "seguro", "theLess": "https://contribua.org/bairros/oeste/liberdade/Rua_Sergipe__1337_90.jpg", "theMost": "https://contribua.org/bairros/oeste/liberdade/Rua_Odon_Bezerra__147_270.jpg"}"
N23243+2016-09-28T12:57:38.577654+556+61442+967++2016-09-28T12:57:38.577689+++"{"question": "seguro", "theLess": "https://contribua.org/bairros/oeste/catole/Rua_Inacio_Marques_da_Silva__434_90.jpg", "theMost": "https://contribua.org/bairros/norte/centro/Rua_Quebra_Quilos__399__90.jpg"}"
N23246+2016-09-28T12:57:58.070426+556+61781+967++2016-09-28T12:57:58.070460+++"{"question": "agradavel", "theLess": "https://contribua.org/bairros/norte/centro/Rua_Capitao_Joao_de_Sa__45__180.jpg", "theMost": "https://contribua.org/bairros/oeste/catole/Rua_Cristina_Procopio_da_Silva__62__90.jpg"}"
N23251+2016-09-28T12:58:35.868426+556+61510+967++2016-09-28T12:58:35.868466+++"{"question": "seguro", "theLess": "https://contribua.org/bairros/oeste/liberdade/Rua_Odon_Bezerra__147_90.jpg", "theMost": "https://contribua.org/bairros/oeste/catole/Rua_Olegario_Mariano__139_270.jpg"}"
N23248+2016-09-28T12:58:10.294945+556+61416+967++2016-09-28T12:58:10.294979+++"{"question": "seguro", "theLess": "https://contribua.org/bairros/norte/centro/Avenida_Presidente_Getulio_Vargas__271__90.jpg", "theMost": "https://contribua.org/bairros/oeste/catole/Rua_Honorio_de_Melo__240__90.jpg"}"
N23273+2016-09-28T13:01:19.910495+556+61618+967++2016-09-28T13:01:19.910530+++"{"question": "seguro", "theLess": "https://contribua.org/bairros/oeste/catole/Rua_Aluisio_Cunha_Linha__50__270.jpg", "theMost": "https://contribua.org/bairros/oeste/catole/Rua_Luisa_Bezerra_Mota__246_270.jpg"}"
N23295+2016-09-28T13:03:59.366254+556+61413+967++2016-09-28T13:03:59.366289+++"{"question": "agradavel", "theLess": "https://contribua.org/bairros/oeste/liberdade/Rua_Riachuelo__455__0.jpg", "theMost": "https://contribua.org/bairros/oeste/catole/Avenida_Prefeito_Severino_Bezerra_Cabral__218_90.jpg"}"
N23298+2016-09-28T13:04:17.590843+556+61508+967++2016-09-28T13:04:17.590879+++"{"question": "seguro", "theLess": "https://contribua.org/bairros/norte/centro/Rua_Manoel_P._de_Araujo__370_0.jpg", "theMost": "https://contribua.org/bairros/oeste/catole/Rua_Joao_Francisco_Mota__64__270.jpg"}"
N23307+2016-09-28T13:05:19.150837+556+61370+967++2016-09-28T13:05:19.150871+++"{"question": "seguro", "theLess": "https://contribua.org/bairros/norte/centro/Avenida_Presidente_Getulio_Vargas__271__270.jpg", "theMost": "https://contribua.org/bairros/oeste/liberdade/Rua_Padre_Pedro_Serrao__353__90.jpg"}"
N23315+2016-09-28T13:06:21.414818+556+61756+967++2016-09-28T13:06:21.414854+++"{"question": "seguro", "theLess": "https://contribua.org/bairros/oeste/catole/Rua_Sebastiao_Vieira_da_Silva__1273__180.jpg", "theMost": "https://contribua.org/bairros/oeste/catole/Avenida_Prefeito_Severino_Bezerra_Cabral__218_90.jpg"}"
N23318+2016-09-28T13:06:55.396537+556+61863+967++2016-09-28T13:06:55.396572+++"{"question": "agradavel", "theLess": "https://contribua.org/bairros/norte/centro/Rua_Felix_Araujo__132__90.jpg", "theMost": "https://contribua.org/bairros/oeste/liberdade/Rua_Sergipe__1337_0.jpg"}"
N23255+2016-09-28T12:59:06.354583+556+61397+967++2016-09-28T12:59:06.354618+++"{"question": "agradavel", "theLess": "https://contribua.org/bairros/oeste/liberdade/Rua_Riachuelo__930__180.jpg", "theMost": "https://contribua.org/bairros/oeste/catole/Avenida_Prefeito_Severino_Bezerra_Cabral__218_90.jpg"}"
N23277+2016-09-28T13:01:52.618007+556+61271+967++2016-09-28T13:01:52.618043+++"{"question": "agradavel", "theLess": "https://contribua.org/bairros/oeste/catole/Rua_Doutor_Antonio_Telha__68__270.jpg", "theMost": "https://contribua.org/bairros/norte/centro/Rua_Coronel_Salvino_Figueiredo__251_270.jpg"}"
N23310+2016-09-28T13:05:37.336414+556+61337+967++2016-09-28T13:05:37.336449+++"{"question": "agradavel", "theLess": "https://contribua.org/bairros/oeste/liberdade/Rua_Odon_Bezerra__306_90.jpg", "theMost": "https://contribua.org/bairros/oeste/catole/Rua_Olegario_Mariano__139_270.jpg"}"
N23308+2016-09-28T13:05:26.363095+556+61853+967++2016-09-28T13:05:26.363131+++"{"question": "agradavel", "theLess": "https://contribua.org/bairros/norte/centro/Rua_Manoel_P._de_Araujo__370_0.jpg", "theMost": "https://contribua.org/bairros/oeste/catole/Rua_Luisa_Bezerra_Mota__246_270.jpg"}"
N23314+2016-09-28T13:06:15.726344+556+61622+967++2016-09-28T13:06:15.726378+++"{"question": "seguro", "theLess": "https://contribua.org/bairros/norte/centro/Rua_Felix_Araujo__132__270.jpg", "theMost": "https://contribua.org/bairros/norte/centro/Rua_Quebra_Quilos__399__270.jpg"}"
N23326+2016-09-28T13:07:54.298724+556+61462+967++2016-09-28T13:07:54.298759+++"{"question": "seguro", "theLess": "https://contribua.org/bairros/oeste/liberdade/Rua_Espirito_Santo__1288__180.jpg", "theMost": "https://contribua.org/bairros/oeste/catole/Rua_Luisa_Bezerra_Mota__246_270.jpg"}"
N23337+2016-09-28T13:09:19.055822+556+61361+967++2016-09-28T13:09:19.055858+++"{"question": "agradavel", "theLess": "https://contribua.org/bairros/oeste/liberdade/Rua_Edesio_Silva__602__180.jpg", "theMost": "https://contribua.org/bairros/oeste/catole/Rua_Doutor_Antonio_Telha_-_Catole__Campina_Grande__90.jpg"}"
N23348+2016-09-28T13:10:45.969770+556+61293+967++2016-09-28T13:10:45.969811+++"{"question": "agradavel", "theLess": "https://contribua.org/bairros/norte/centro/Avenida_Presidente_Getulio_Vargas__210__180.jpg", "theMost": "https://contribua.org/bairros/oeste/liberdade/Avenida_Assis_Chateaubriand__1334__180.jpg"}"
N23391+2016-09-28T13:15:51.689572+556+61654+967++2016-09-28T13:15:51.689606+++"{"question": "seguro", "theLess": "https://contribua.org/bairros/norte/centro/Rua_Elias_Aforas__202_0.jpg", "theMost": "https://contribua.org/bairros/norte/centro/Rua_Quebra_Quilos__399__90.jpg"}"
N23335+2016-09-28T13:09:08.262484+556+61315+967++2016-09-28T13:09:08.262518+++"{"question": "agradavel", "theLess": "https://contribua.org/bairros/norte/centro/Rua_Felix_Araujo__132__90.jpg", "theMost": "https://contribua.org/bairros/oeste/catole/Rua_Otacilio_Nepomuceno__76_90.jpg"}"
N23338+2016-09-28T13:09:30.966454+556+61914+967++2016-09-28T13:09:30.966489+++"{"question": "seguro", "theLess": "https://contribua.org/bairros/norte/centro/Avenida_Dom_Pedro_II__119_270.jpg", "theMost": "https://contribua.org/bairros/oeste/catole/Rua_Olegario_Mariano__139_90.jpg"}"
N23347+2016-09-28T13:10:40.230496+556+61608+967++2016-09-28T13:10:40.230532+++"{"question": "seguro", "theLess": "https://contribua.org/bairros/oeste/catole/Rua_Sebastiao_Vieira_da_Silva__1273__180.jpg", "theMost": "https://contribua.org/bairros/oeste/liberdade/Rua_Padre_Pedro_Serrao__353__270.jpg"}"
N23352+2016-09-28T13:11:21.750947+556+61290+967++2016-09-28T13:11:21.750980+++"{"question": "seguro", "theLess": "https://contribua.org/bairros/norte/centro/Rua_Manoel_P._de_Araujo__370_0.jpg", "theMost": "https://contribua.org/bairros/oeste/liberdade/Rua_Padre_Pedro_Serrao__353__90.jpg"}"
N23358+2016-09-28T13:12:10.584262+556+61292+967++2016-09-28T13:12:10.584296+++"{"question": "seguro", "theLess": "https://contribua.org/bairros/oeste/catole/Rua_Deputado_Ascendino_Moura__101__270.jpg", "theMost": "https://contribua.org/bairros/norte/centro/Avenida_Barao_Rio_Branco__141_90.jpg"}"
N23377+2016-09-28T13:14:12.094969+556+61538+967++2016-09-28T13:14:12.095004+++"{"question": "seguro", "theLess": "https://contribua.org/bairros/norte/centro/Rua_Capitao_Joao_de_Sa__45__180.jpg", "theMost": "https://contribua.org/bairros/norte/centro/Avenida_Presidente_Joao_Pessoa__128__180.jpg"}"
N23325+2016-09-28T13:07:46.302482+556+61340+967++2016-09-28T13:07:46.302516+++"{"question": "seguro", "theLess": "https://contribua.org/bairros/norte/centro/Rua_Coronel_Salvino_Figueiredo__251_90.jpg", "theMost": "https://contribua.org/bairros/norte/centro/Rua_Elias_Aforas__67__180.jpg"}"
N23328+2016-09-28T13:08:10.154163+556+61281+967++2016-09-28T13:08:10.154197+++"{"question": "agradavel", "theLess": "https://contribua.org/bairros/oeste/catole/Rua_Doutor_Antonio_Telha__235_0.jpg", "theMost": "https://contribua.org/bairros/oeste/catole/Rua_Otacilio_Nepomuceno__76_0.jpg"}"
N23330+2016-09-28T13:08:33.306142+556+61317+967++2016-09-28T13:08:33.306177+++"{"question": "agradavel", "theLess": "https://contribua.org/bairros/oeste/liberdade/Rua_Edesio_Silva__602__180.jpg", "theMost": "https://contribua.org/bairros/norte/centro/Avenida_Dom_Pedro_II__119_90.jpg"}"
N23333+2016-09-28T13:08:55.254784+556+61839+967++2016-09-28T13:08:55.254819+++"{"question": "agradavel", "theLess": "https://contribua.org/bairros/oeste/catole/Rua_Cristina_Procopio_da_Silva__62__270.jpg", "theMost": "https://contribua.org/bairros/oeste/liberdade/Rua_Edesio_Silva__602__0.jpg"}"
N23363+2016-09-28T13:12:44.156681+556+61582+967++2016-09-28T13:12:44.156718+++"{"question": "seguro", "theLess": "https://contribua.org/bairros/oeste/catole/Rua_Doutor_Antonio_Telha__68__270.jpg", "theMost": "https://contribua.org/bairros/oeste/catole/Avenida_Prefeito_Severino_Bezerra_Cabral__218_0.jpg"}"
N23366+2016-09-28T13:13:03.621181+556+61696+967++2016-09-28T13:13:03.621215+++"{"question": "seguro", "theLess": "https://contribua.org/bairros/norte/centro/Rua_Felix_Araujo__48__90.jpg", "theMost": "https://contribua.org/bairros/norte/centro/Rua_Quebra_Quilos__399__270.jpg"}"
N23376+2016-09-28T13:14:06.177647+556+61889+967++2016-09-28T13:14:06.177682+++"{"question": "agradavel", "theLess": "https://contribua.org/bairros/oeste/catole/Rua_Cristina_Procopio_da_Silva__62__270.jpg", "theMost": "https://contribua.org/bairros/oeste/liberdade/Rua_Riachuelo__455__180.jpg"}"
N23382+2016-09-28T13:14:43.491408+556+61385+967++2016-09-28T13:14:43.491442+++"{"question": "agradavel", "theLess": "https://contribua.org/bairros/oeste/catole/Rua_Aluisio_Cunha_Linha__50__90.jpg", "theMost": "https://contribua.org/bairros/oeste/catole/Avenida_Prefeito_Severino_Bezerra_Cabral__218_90.jpg"}"
N23389+2016-09-28T13:15:42.286553+556+61469+967++2016-09-28T13:15:42.286588+++"{"question": "agradavel", "theLess": "https://contribua.org/bairros/norte/centro/Avenida_Presidente_Getulio_Vargas__395__270.jpg", "theMost": "https://contribua.org/bairros/oeste/catole/Rua_Olegario_Mariano__139_180.jpg"}"
N23395+2016-09-28T13:16:23.216573+556+61873+967++2016-09-28T13:16:23.216609+++"{"question": "agradavel", "theLess": "https://contribua.org/bairros/oeste/liberdade/Rua_Riachuelo__455__180.jpg", "theMost": "https://contribua.org/bairros/oeste/catole/Rua_Olegario_Mariano__139_90.jpg"}"
N23403+2016-09-28T13:17:26.586078+556+61706+967++2016-09-28T13:17:26.586113+++"{"question": "seguro", "theLess": "https://contribua.org/bairros/norte/centro/Rua_Felix_Araujo__48__90.jpg", "theMost": "https://contribua.org/bairros/oeste/catole/Rua_Doutor_Antonio_Telha_-_Catole__Campina_Grande__90.jpg"}"
N23406+2016-09-28T13:17:51.314627+556+61631+967++2016-09-28T13:17:51.314662+++"{"question": "agradavel", "theLess": "https://contribua.org/bairros/norte/centro/Rua_Augusto_Severo__71_90.jpg", "theMost": "https://contribua.org/bairros/oeste/liberdade/Rua_Riachuelo__455__180.jpg"}"
N23411+2016-09-28T13:18:21.238217+556+61821+967++2016-09-28T13:18:21.238248+++"{"question": "agradavel", "theLess": "https://contribua.org/bairros/oeste/liberdade/Rua_Riachuelo__455__0.jpg", "theMost": "https://contribua.org/bairros/norte/centro/Rua_Quebra_Quilos__399__270.jpg"}"
N23425+2016-09-28T13:19:49.777638+556+61309+967++2016-09-28T13:19:49.777656+++"{"question": "agradavel", "theLess": "https://contribua.org/bairros/oeste/liberdade/Rua_Edesio_Silva__602__180.jpg", "theMost": "https://contribua.org/bairros/oeste/liberdade/Rua_Edesio_Silva__602__0.jpg"}"
N23439+2016-09-28T14:20:18.142837+556+61836+968++2016-09-28T14:20:18.142874+++"{"question": "seguro", "theLess": "https://contribua.org/bairros/oeste/liberdade/Rua_Sergipe__1337_0.jpg", "theMost": "https://contribua.org/bairros/oeste/catole/Rua_Joao_Francisco_Mota__64__90.jpg"}"
N23404+2016-09-28T13:17:36.353620+556+61698+967++2016-09-28T13:17:36.353653+++"{"question": "seguro", "theLess": "https://contribua.org/bairros/norte/centro/Rua_Felix_Araujo__48__90.jpg", "theMost": "https://contribua.org/bairros/oeste/catole/Rua_Inacio_Marques_da_Silva__434_270.jpg"}"
N23409+2016-09-28T13:18:09.930028+556+61589+967++2016-09-28T13:18:09.930062+++"{"question": "agradavel", "theLess": "https://contribua.org/bairros/norte/centro/Avenida_Presidente_Getulio_Vargas__271__90.jpg", "theMost": "https://contribua.org/bairros/oeste/catole/Avenida_Prefeito_Severino_Bezerra_Cabral__218_0.jpg"}"
N23412+2016-09-28T13:18:25.085021+556+61279+967++2016-09-28T13:18:25.085055+++"{"question": "agradavel", "theLess": "https://contribua.org/bairros/oeste/liberdade/Rua_Edesio_Silva__602__180.jpg", "theMost": "https://contribua.org/bairros/norte/centro/Rua_Doutor_Severino_Cruz__411__90.jpg"}"
N23418+2016-09-28T13:19:05.770652+556+61542+967++2016-09-28T13:19:05.770686+++"{"question": "seguro", "theLess": "https://contribua.org/bairros/oeste/catole/Rua_Doutor_Antonio_Telha__235_180.jpg", "theMost": "https://contribua.org/bairros/norte/centro/Avenida_Presidente_Joao_Pessoa__128__180.jpg"}"
N23420+2016-09-28T13:19:16.740894+556+61573+967++2016-09-28T13:19:16.740929+++"{"question": "agradavel", "theLess": "https://contribua.org/bairros/norte/centro/Rua_Elias_Aforas__202_0.jpg", "theMost": "https://contribua.org/bairros/oeste/liberdade/Rua_Riachuelo__847__180.jpg"}"
N23423+2016-09-28T13:19:34.237442+556+61418+967++2016-09-28T13:19:34.237476+++"{"question": "seguro", "theLess": "https://contribua.org/bairros/oeste/catole/Rua_Doutor_Antonio_Telha__235_180.jpg", "theMost": "https://contribua.org/bairros/oeste/catole/Rua_Honorio_de_Melo__240__90.jpg"}"
N23431+2016-09-28T13:20:30.889641+556+61266+967++2016-09-28T13:20:30.889676+++"{"question": "seguro", "theLess": "https://contribua.org/bairros/norte/centro/Rua_Augusto_Severo__71_90.jpg", "theMost": "https://contribua.org/bairros/oeste/liberdade/Rua_Edesio_Silva__602__0.jpg"}"
N23441+2016-09-28T14:20:53.014859+556+61360+968++2016-09-28T14:20:53.014895+++"{"question": "seguro", "theLess": "https://contribua.org/bairros/oeste/liberdade/Rua_Espirito_Santo__1288__0.jpg", "theMost": "https://contribua.org/bairros/oeste/catole/Rua_Luisa_Bezerra_Mota__246_90.jpg"}"
N23451+2016-09-28T16:00:21.696530+556+61448+969++2016-09-28T16:00:21.696564+++"{"question": "seguro", "theLess": "https://contribua.org/bairros/oeste/catole/Rua_Inacio_Marques_da_Silva__434_90.jpg", "theMost": "https://contribua.org/bairros/norte/centro/Rua_Augusto_Severo__71_90.jpg"}"
N23453+2016-09-28T16:01:18.984581+556+61489+970++2016-09-28T16:01:18.984616+++"{"question": "agradavel", "theLess": "https://contribua.org/bairros/norte/centro/Avenida_Presidente_Getulio_Vargas__395__270.jpg", "theMost": "https://contribua.org/bairros/oeste/liberdade/Rua_Odon_Bezerra__388__90.jpg"}"
N23424+2016-09-28T13:19:41.817499+556+61916+967++2016-09-28T13:19:41.817532+++"{"question": "seguro", "theLess": "https://contribua.org/bairros/norte/centro/Rua_Pedro_Alvares_Cabral__129_180.jpg", "theMost": "https://contribua.org/bairros/norte/centro/Rua_Coronel_Salvino_Figueiredo__251_270.jpg"}"
N23448+2016-09-28T15:59:11.858784+556+61382+969++2016-09-28T15:59:11.858822+++"{"question": "seguro", "theLess": "https://contribua.org/bairros/norte/centro/Rua_Pedro_Alvares_Cabral__129_90.jpg", "theMost": "https://contribua.org/bairros/norte/centro/Avenida_Presidente_Joao_Pessoa__128__90.jpg"}"
N23454+2016-09-28T16:01:34.579597+556+61467+970++2016-09-28T16:01:34.579636+++"{"question": "agradavel", "theLess": "https://contribua.org/bairros/norte/centro/Rua_Felix_Araujo__132__270.jpg", "theMost": "https://contribua.org/bairros/oeste/catole/Rua_Deputado_Ascendino_Moura__101__270.jpg"}"
N23460+2016-09-28T16:03:12.527327+556+61317+970++2016-09-28T16:03:12.527362+++"{"question": "agradavel", "theLess": "https://contribua.org/bairros/oeste/liberdade/Rua_Edesio_Silva__602__180.jpg", "theMost": "https://contribua.org/bairros/norte/centro/Rua_Elias_Aforas__202_180.jpg"}"
N23463+2016-09-28T16:29:09.847316+556+61312+971++2016-09-28T16:29:09.847352+++"{"question": "seguro", "theLess": "equal", "theMost": "equal"}"
N23471+2016-09-28T16:34:57.674690+556+61351+971++2016-09-28T16:34:57.674727+++"{"question": "agradavel", "theLess": "https://contribua.org/bairros/norte/centro/Rua_Manoel_P._de_Araujo__370_0.jpg", "theMost": "https://contribua.org/bairros/oeste/catole/Rua_Inacio_Marques_da_Silva__434_90.jpg"}"
N23464+2016-09-28T16:29:37.407371+556+61709+971++2016-09-28T16:29:37.407407+++"{"question": "agradavel", "theLess": "https://contribua.org/bairros/norte/centro/Rua_Felix_Araujo__48__90.jpg", "theMost": "https://contribua.org/bairros/norte/centro/Rua_Quebra_Quilos__399__90.jpg"}"
N23474+2016-09-28T16:37:19.761241+556+61611+971++2016-09-28T16:37:19.761277+++"{"question": "agradavel", "theLess": "https://contribua.org/bairros/norte/centro/Avenida_Presidente_Getulio_Vargas__210__0.jpg", "theMost": "https://contribua.org/bairros/oeste/liberdade/Rua_Severino_Pimentel__439__0.jpg"}"
N23477+2016-09-28T16:39:20.574500+556+61566+971++2016-09-28T16:39:20.574534+++"{"question": "seguro", "theLess": "https://contribua.org/bairros/oeste/catole/Rua_Olegario_Mariano__139_0.jpg", "theMost": "https://contribua.org/bairros/oeste/liberdade/Rua_Odon_Bezerra__306_270.jpg"}"
N23523+2016-09-28T21:49:03.760370+556+61882+974++2016-09-28T21:49:03.760405+++"{"question": "seguro", "theLess": "https://contribua.org/bairros/oeste/catole/Rua_Deputado_Ascendino_Moura__101__90.jpg", "theMost": "https://contribua.org/bairros/oeste/liberdade/Rua_Odon_Bezerra__147_270.jpg"}"
N23470+2016-09-28T16:34:44.250371+556+61864+971++2016-09-28T16:34:44.250404+++"{"question": "seguro", "theLess": "https://contribua.org/bairros/norte/centro/Rua_Felix_Araujo__132__90.jpg", "theMost": "https://contribua.org/bairros/oeste/liberdade/Rua_Sergipe__1337_0.jpg"}"
N23486+2016-09-28T16:42:31.420701+556+61873+971++2016-09-28T16:42:31.420737+++"{"question": "agradavel", "theLess": "https://contribua.org/bairros/oeste/liberdade/Rua_Riachuelo__455__180.jpg", "theMost": "https://contribua.org/bairros/oeste/catole/Rua_Olegario_Mariano__139_90.jpg"}"
N23490+2016-09-28T16:43:33.066452+556+61337+971++2016-09-28T16:43:33.066491+++"{"question": "agradavel", "theLess": "https://contribua.org/bairros/oeste/liberdade/Rua_Odon_Bezerra__306_90.jpg", "theMost": "https://contribua.org/bairros/oeste/catole/Rua_Olegario_Mariano__139_270.jpg"}"
N23494+2016-09-28T16:45:45.976721+556+61829+971++2016-09-28T16:45:45.976758+++"{"question": "agradavel", "theLess": "https://contribua.org/bairros/oeste/catole/Rua_Deputado_Ascendino_Moura__101__270.jpg", "theMost": "https://contribua.org/bairros/oeste/liberdade/Rua_Espirito_Santo__1288__0.jpg"}"
N23524+2016-09-28T21:49:17.291474+556+61885+974++2016-09-28T21:49:17.291509+++"{"question": "agradavel", "theLess": "https://contribua.org/bairros/oeste/liberdade/Rua_Severino_Pimentel__321__0.jpg", "theMost": "https://contribua.org/bairros/norte/centro/Avenida_Dom_Pedro_II__119_270.jpg"}"
N23492+2016-09-28T16:44:14.008415+556+61696+971++2016-09-28T16:44:14.008449+++"{"question": "seguro", "theLess": "https://contribua.org/bairros/oeste/liberdade/Rua_Padre_Pedro_Serrao__353__270.jpg", "theMost": "https://contribua.org/bairros/norte/centro/Rua_Felix_Araujo__48__90.jpg"}"
N23501+2016-09-28T20:44:47.732117+556+61578+972++2016-09-28T20:44:47.732155+++"{"question": "seguro", "theLess": "https://contribua.org/bairros/norte/centro/Rua_Elias_Aforas__67__180.jpg", "theMost": "https://contribua.org/bairros/norte/centro/Rua_Joao_da_Mata__490_90.jpg"}"
N23514+2016-09-28T21:37:25.649898+556+61536+973++2016-09-28T21:37:25.649935+++"{"question": "seguro", "theLess": "equal", "theMost": "equal"}"
N23545+2016-09-28T21:54:03.471410+556+61754+974++2016-09-28T21:54:03.471445+++"{"question": "seguro", "theLess": "https://contribua.org/bairros/oeste/catole/Rua_Joao_Francisco_Mota__64__90.jpg", "theMost": "https://contribua.org/bairros/oeste/catole/Rua_Inacio_Marques_da_Silva__434_270.jpg"}"
N23554+2016-09-29T08:59:02.308552+556+61492+975++2016-09-29T08:59:02.308587+++"{"question": "seguro", "theLess": "https://contribua.org/bairros/oeste/catole/Rua_Doutor_Antonio_Telha__235_180.jpg", "theMost": "https://contribua.org/bairros/norte/centro/Rua_Felix_Araujo__48__270.jpg"}"
N23544+2016-09-28T21:53:55.527052+556+61479+974++2016-09-28T21:53:55.527087+++"{"question": "agradavel", "theLess": "https://contribua.org/bairros/norte/centro/Avenida_Presidente_Getulio_Vargas__395__270.jpg", "theMost": "https://contribua.org/bairros/oeste/catole/Rua_Luisa_Bezerra_Mota__246_270.jpg"}"
N23598+2016-09-29T15:56:18.479209+556+61348+977++2016-09-29T15:56:18.479245+++"{"question": "seguro", "theLess": "https://contribua.org/bairros/oeste/catole/Rua_Honorio_de_Melo__240__270.jpg", "theMost": "https://contribua.org/bairros/oeste/liberdade/Rua_Odon_Bezerra__147_90.jpg"}"
N23572+2016-09-29T13:15:50.382502+556+61328+976++2016-09-29T13:15:50.382538+++"{"question": "seguro", "theLess": "https://contribua.org/bairros/norte/centro/Rua_Elias_Aforas__202_0.jpg", "theMost": "https://contribua.org/bairros/norte/centro/Rua_Manoel_P._de_Araujo__150_90.jpg"}"
N23583+2016-09-29T15:50:32.246335+556+61895+977++2016-09-29T15:50:32.246369+++"{"question": "agradavel", "theLess": "https://contribua.org/bairros/norte/centro/Rua_Pedro_Alvares_Cabral__129_180.jpg", "theMost": "https://contribua.org/bairros/oeste/catole/Rua_Vigario_Calixto__1201_180.jpg"}"
N23589+2016-09-29T15:52:59.273804+556+61391+977++2016-09-29T15:52:59.273851+++"{"question": "agradavel", "theLess": "https://contribua.org/bairros/oeste/liberdade/Rua_Padre_Pedro_Serrao__353__90.jpg", "theMost": "https://contribua.org/bairros/norte/centro/Avenida_Barao_Rio_Branco__141_90.jpg"}"
N23605+2016-09-29T15:58:35.696428+556+61755+977++2016-09-29T15:58:35.696461+++"{"question": "agradavel", "theLess": "https://contribua.org/bairros/oeste/liberdade/Rua_Odon_Bezerra__388__270.jpg", "theMost": "https://contribua.org/bairros/oeste/catole/Rua_Luisa_Bezerra_Mota__246_270.jpg"}"
N23561+2016-09-29T13:12:44.302544+556+61279+976++2016-09-29T13:12:44.302580+++"{"question": "agradavel", "theLess": "https://contribua.org/bairros/oeste/liberdade/Rua_Edesio_Silva__602__180.jpg", "theMost": "https://contribua.org/bairros/norte/centro/Rua_Doutor_Severino_Cruz__411__90.jpg"}"
N23564+2016-09-29T13:13:33.609592+556+61350+976++2016-09-29T13:13:33.609627+++"{"question": "seguro", "theLess": "https://contribua.org/bairros/oeste/liberdade/Rua_Padre_Pedro_Serrao__207__270.jpg", "theMost": "https://contribua.org/bairros/oeste/liberdade/Rua_Odon_Bezerra__306_90.jpg"}"
N23604+2016-09-29T15:58:23.469513+556+61539+977++2016-09-29T15:58:23.469548+++"{"question": "agradavel", "theLess": "https://contribua.org/bairros/norte/centro/Avenida_Presidente_Joao_Pessoa__128__180.jpg", "theMost": "https://contribua.org/bairros/norte/centro/Rua_Elias_Aforas__67__180.jpg"}"
N23607+2016-09-29T15:59:11.185048+556+61283+977++2016-09-29T15:59:11.185066+++"{"question": "agradavel", "theLess": "https://contribua.org/bairros/norte/centro/Avenida_Dom_Pedro_II__119_270.jpg", "theMost": "https://contribua.org/bairros/oeste/liberdade/Rua_Acre__635_90.jpg"}"
N23618+2016-09-29T16:02:16.658130+556+61852+977++2016-09-29T16:02:16.658167+++"{"question": "seguro", "theLess": "https://contribua.org/bairros/oeste/liberdade/Rua_Riachuelo__847__180.jpg", "theMost": "https://contribua.org/bairros/oeste/catole/Rua_Luisa_Bezerra_Mota__246_270.jpg"}"
N23626+2016-09-29T16:04:28.674008+556+61794+977++2016-09-29T16:04:28.674044+++"{"question": "seguro", "theLess": "https://contribua.org/bairros/oeste/catole/Rua_Inacio_Marques_da_Silva__434_270.jpg", "theMost": "https://contribua.org/bairros/oeste/catole/Rua_Otacilio_Nepomuceno__76_90.jpg"}"
N23632+2016-09-29T16:06:10.316350+556+61777+977++2016-09-29T16:06:10.316387+++"{"question": "agradavel", "theLess": "https://contribua.org/bairros/norte/centro/Rua_Capitao_Joao_de_Sa__45__180.jpg", "theMost": "https://contribua.org/bairros/oeste/catole/Rua_Vigario_Calixto__1201_0.jpg"}"
N23601+2016-09-29T15:57:19.840258+556+61925+977++2016-09-29T15:57:19.840275+++"{"question": "agradavel", "theLess": "https://contribua.org/bairros/norte/centro/Rua_Manoel_P._de_Araujo__370_0.jpg", "theMost": "https://contribua.org/bairros/norte/centro/Rua_Coronel_Salvino_Figueiredo__251_270.jpg"}"
N23603+2016-09-29T15:58:03.990394+556+61287+977++2016-09-29T15:58:03.990430+++"{"question": "agradavel", "theLess": "https://contribua.org/bairros/norte/centro/Rua_Manoel_P._de_Araujo__370_180.jpg", "theMost": "https://contribua.org/bairros/oeste/liberdade/Rua_Acre__635_270.jpg"}"
N23614+2016-09-29T16:01:06.427030+556+61691+977++2016-09-29T16:01:06.427065+++"{"question": "agradavel", "theLess": "https://contribua.org/bairros/oeste/catole/Rua_Sebastiao_Vieira_da_Silva__1273__0.jpg", "theMost": "https://contribua.org/bairros/oeste/liberdade/Rua_Severino_Pimentel__511_90.jpg"}"
N23625+2016-09-29T16:04:07.459537+556+61564+977++2016-09-29T16:04:07.459572+++"{"question": "seguro", "theLess": "https://contribua.org/bairros/norte/centro/Rua_Elias_Aforas__202_180.jpg", "theMost": "https://contribua.org/bairros/oeste/catole/Avenida_Prefeito_Severino_Bezerra_Cabral__218_0.jpg"}"
N23631+2016-09-29T16:05:58.925860+556+61785+977++2016-09-29T16:05:58.925895+++"{"question": "agradavel", "theLess": "https://contribua.org/bairros/norte/centro/Rua_Pedro_Alvares_Cabral__129_180.jpg", "theMost": "https://contribua.org/bairros/oeste/catole/Rua_Olegario_Mariano__139_90.jpg"}"
N23633+2016-09-29T16:06:21.830602+556+61867+977++2016-09-29T16:06:21.830636+++"{"question": "agradavel", "theLess": "https://contribua.org/bairros/norte/centro/Rua_Manoel_P._de_Araujo__370_0.jpg", "theMost": "https://contribua.org/bairros/oeste/liberdade/Rua_Riachuelo__930__0.jpg"}"
N23669+2016-09-29T16:41:08.991507+556+61548+977++2016-09-29T16:41:08.991541+++"{"question": "seguro", "theLess": "https://contribua.org/bairros/norte/centro/Rua_Pedro_Alvares_Cabral__129_180.jpg", "theMost": "https://contribua.org/bairros/oeste/catole/Rua_Olegario_Mariano__139_270.jpg"}"
N23616+2016-09-29T16:01:47.751295+556+61454+977++2016-09-29T16:01:47.751330+++"{"question": "seguro", "theLess": "https://contribua.org/bairros/norte/centro/Rua_Augusto_Severo__71_90.jpg", "theMost": "https://contribua.org/bairros/oeste/catole/Rua_Doutor_Antonio_Telha_-_Catole__Campina_Grande__270.jpg"}"
N23624+2016-09-29T16:03:51.635094+556+61288+977++2016-09-29T16:03:51.635127+++"{"question": "seguro", "theLess": "https://contribua.org/bairros/norte/centro/Rua_Manoel_P._de_Araujo__370_180.jpg", "theMost": "https://contribua.org/bairros/norte/centro/Avenida_Barao_Rio_Branco__141_90.jpg"}"
N23638+2016-09-29T16:07:46.343221+556+61750+977++2016-09-29T16:07:46.343256+++"{"question": "seguro", "theLess": "https://contribua.org/bairros/oeste/liberdade/Rua_Riachuelo__455__0.jpg", "theMost": "https://contribua.org/bairros/norte/centro/Rua_Quebra_Quilos__399__90.jpg"}"
N23643+2016-09-29T16:11:11.815900+556+61441+977++2016-09-29T16:11:11.815935+++"{"question": "agradavel", "theLess": "https://contribua.org/bairros/oeste/catole/Rua_Inacio_Marques_da_Silva__434_90.jpg", "theMost": "https://contribua.org/bairros/norte/centro/Rua_Doutor_Severino_Cruz__411__90.jpg"}"
N23646+2016-09-29T16:11:44.716217+556+61659+977++2016-09-29T16:11:44.716255+++"{"question": "agradavel", "theLess": "https://contribua.org/bairros/oeste/catole/Rua_Cristina_Procopio_da_Silva__62__270.jpg", "theMost": "https://contribua.org/bairros/norte/centro/Rua_Joao_da_Mata__490_90.jpg"}"
N23660+2016-09-29T16:17:59.162424+556+61296+977++2016-09-29T16:17:59.162441+++"{"question": "seguro", "theLess": "https://contribua.org/bairros/norte/centro/Avenida_Dom_Pedro_II__500_270.jpg", "theMost": "https://contribua.org/bairros/norte/centro/Avenida_Barao_Rio_Branco__141_90.jpg"}"
N23637+2016-09-29T16:07:32.362048+556+61628+977++2016-09-29T16:07:32.362083+++"{"question": "seguro", "theLess": "https://contribua.org/bairros/norte/centro/Rua_Felix_Araujo__132__90.jpg", "theMost": "https://contribua.org/bairros/oeste/catole/Rua_Vigario_Calixto__1201_180.jpg"}"
N23645+2016-09-29T16:11:31.996264+556+61820+977++2016-09-29T16:11:31.996297+++"{"question": "seguro", "theLess": "https://contribua.org/bairros/norte/centro/Rua_Manoel_P._de_Araujo__370_0.jpg", "theMost": "https://contribua.org/bairros/oeste/liberdade/Rua_Odon_Bezerra__388__90.jpg"}"
N23675+2016-09-29T16:44:29.049963+556+61349+977++2016-09-29T16:44:29.049979+++"{"question": "agradavel", "theLess": "https://contribua.org/bairros/oeste/liberdade/Rua_Padre_Pedro_Serrao__207__270.jpg", "theMost": "https://contribua.org/bairros/oeste/liberdade/Rua_Odon_Bezerra__306_90.jpg"}"
N23678+2016-09-29T16:45:22.351279+556+61325+977++2016-09-29T16:45:22.351312+++"{"question": "agradavel", "theLess": "https://contribua.org/bairros/norte/centro/Rua_Manoel_P._de_Araujo__150_90.jpg", "theMost": "https://contribua.org/bairros/oeste/catole/Avenida_Prefeito_Severino_Bezerra_Cabral__218_90.jpg"}"
N23686+2016-09-29T16:50:13.441800+556+61368+977++2016-09-29T16:50:13.441818+++"{"question": "seguro", "theLess": "https://contribua.org/bairros/norte/centro/Avenida_Presidente_Getulio_Vargas__271__270.jpg", "theMost": "https://contribua.org/bairros/oeste/liberdade/Rua_Odon_Bezerra__147_90.jpg"}"
N23692+2016-09-29T16:51:48.161436+556+61815+977++2016-09-29T16:51:48.161454+++"{"question": "agradavel", "theLess": "https://contribua.org/bairros/norte/centro/Avenida_Dom_Pedro_II__119_270.jpg", "theMost": "https://contribua.org/bairros/oeste/catole/Rua_Olegario_Mariano__139_270.jpg"}"
N23698+2016-09-29T21:18:41.317131+556+61604+978++2016-09-29T21:18:41.317165+++"{"question": "seguro", "theLess": "https://contribua.org/bairros/norte/centro/Rua_Coronel_Salvino_Figueiredo__251_90.jpg", "theMost": "https://contribua.org/bairros/norte/centro/Avenida_Presidente_Joao_Pessoa__128__180.jpg"}"
N23702+2016-09-29T21:19:49.386062+556+61456+978++2016-09-29T21:19:49.386096+++"{"question": "seguro", "theLess": "https://contribua.org/bairros/oeste/liberdade/Avenida_Assis_Chateaubriand__1334__180.jpg", "theMost": "https://contribua.org/bairros/norte/centro/Rua_Elias_Aforas__67__0.jpg"}"
N23709+2016-09-30T02:08:09.058692+556+61894+979++2016-09-30T02:08:09.058726+++"{"question": "seguro", "theLess": "https://contribua.org/bairros/oeste/liberdade/Rua_Riachuelo__455__0.jpg", "theMost": "https://contribua.org/bairros/norte/centro/Rua_Elias_Aforas__67__0.jpg"}"
N23744+2016-09-30T13:59:49.715646+556+61341+982++2016-09-30T13:59:49.715709+++"{"question": "agradavel", "theLess": "https://contribua.org/bairros/oeste/liberdade/Rua_Santa_Catarina__1231__0.jpg", "theMost": "https://contribua.org/bairros/oeste/liberdade/Rua_Odon_Bezerra__306_90.jpg"}"
N23751+2016-10-01T01:11:44.251444+556+61755+984++2016-10-01T01:11:44.251480+++"{"question": "agradavel", "theLess": "equal", "theMost": "equal"}"
N23703+2016-09-29T21:20:04.365409+556+61628+978++2016-09-29T21:20:04.365443+++"{"question": "seguro", "theLess": "https://contribua.org/bairros/norte/centro/Rua_Felix_Araujo__132__90.jpg", "theMost": "https://contribua.org/bairros/oeste/liberdade/Rua_Riachuelo__847__0.jpg"}"
N23721+2016-09-30T10:44:37.858788+556+61377+980++2016-09-30T10:44:37.858825+++"{"question": "agradavel", "theLess": "https://contribua.org/bairros/oeste/catole/Rua_Cristina_Procopio_da_Silva__62__270.jpg", "theMost": "https://contribua.org/bairros/oeste/catole/Rua_Aluisio_Cunha_Linha__50__90.jpg"}"
N23730+2016-09-30T12:59:37.095366+556+61306+981++2016-09-30T12:59:37.095403+++"{"question": "seguro", "theLess": "equal", "theMost": "equal"}"
N23733+2016-09-30T13:00:12.685824+556+61851+981++2016-09-30T13:00:12.685858+++"{"question": "agradavel", "theLess": "equal", "theMost": "equal"}"
N23752+2016-10-01T01:11:52.773203+556+61771+984++2016-10-01T01:11:52.773239+++"{"question": "agradavel", "theLess": "equal", "theMost": "equal"}"
N23780+2016-10-01T11:59:05.274351+556+61409+986++2016-10-01T11:59:05.274385+++"{"question": "agradavel", "theLess": "https://contribua.org/bairros/oeste/liberdade/Rua_Riachuelo__930__0.jpg", "theMost": "https://contribua.org/bairros/oeste/catole/Rua_Honorio_de_Melo__240__90.jpg"}"
N23716+2016-09-30T10:42:48.547022+556+61682+980++2016-09-30T10:42:48.547058+++"{"question": "seguro", "theLess": "https://contribua.org/bairros/norte/centro/Rua_Quebra_Quilos__399__270.jpg", "theMost": "https://contribua.org/bairros/norte/centro/Avenida_Presidente_Getulio_Vargas__271__90.jpg"}"
N23725+2016-09-30T10:45:20.426457+556+61269+980++2016-09-30T10:45:20.426490+++"{"question": "agradavel", "theLess": "https://contribua.org/bairros/oeste/liberdade/Avenida_Assis_Chateaubriand__1334__0.jpg", "theMost": "https://contribua.org/bairros/oeste/catole/Rua_Luisa_Bezerra_Mota__246_270.jpg"}"
N23728+2016-09-30T12:59:13.214179+556+61532+981++2016-09-30T12:59:13.214214+++"{"question": "seguro", "theLess": "equal", "theMost": "equal"}"
N23750+2016-10-01T01:11:34.825205+556+61700+984++2016-10-01T01:11:34.825238+++"{"question": "seguro", "theLess": "equal", "theMost": "equal"}"
N23753+2016-10-01T01:11:59.463241+556+61658+984++2016-10-01T01:11:59.463276+++"{"question": "seguro", "theLess": "equal", "theMost": "equal"}"
N23782+2016-10-01T11:59:36.107425+556+61766+986++2016-10-01T11:59:36.107459+++"{"question": "seguro", "theLess": "https://contribua.org/bairros/oeste/liberdade/Rua_Sergipe__1337_90.jpg", "theMost": "https://contribua.org/bairros/norte/centro/Rua_Felix_Araujo__132__90.jpg"}"
N23792+2016-10-01T12:02:20.286233+556+61382+986++2016-10-01T12:02:20.286269+++"{"question": "seguro", "theLess": "https://contribua.org/bairros/oeste/catole/Rua_Aluisio_Cunha_Linha__50__90.jpg", "theMost": "https://contribua.org/bairros/norte/centro/Avenida_Presidente_Joao_Pessoa__128__90.jpg"}"
N23811+2016-10-01T12:05:03.786946+556+61306+986++2016-10-01T12:05:03.786980+++"{"question": "seguro", "theLess": "equal", "theMost": "equal"}"
N23814+2016-10-01T12:05:07.149286+556+61347+986++2016-10-01T12:05:07.149320+++"{"question": "agradavel", "theLess": "equal", "theMost": "equal"}"
N23828+2016-10-01T16:06:03.750213+556+61270+987++2016-10-01T16:06:03.750248+++"{"question": "seguro", "theLess": "equal", "theMost": "equal"}"
N23839+2016-10-01T16:08:33.883344+556+61527+987++2016-10-01T16:08:33.883378+++"{"question": "agradavel", "theLess": "https://contribua.org/bairros/oeste/liberdade/Rua_Severino_Pimentel__511_90.jpg", "theMost": "https://contribua.org/bairros/norte/centro/Rua_Felix_Araujo__132__270.jpg"}"
N23801+2016-10-01T12:03:48.472748+556+61785+986++2016-10-01T12:03:48.472783+++"{"question": "agradavel", "theLess": "https://contribua.org/bairros/oeste/liberdade/Rua_Padre_Pedro_Serrao__207__90.jpg", "theMost": "https://contribua.org/bairros/oeste/catole/Rua_Inacio_Marques_da_Silva__434_270.jpg"}"
N23812+2016-10-01T12:05:04.954298+556+61681+986++2016-10-01T12:05:04.954332+++"{"question": "agradavel", "theLess": "equal", "theMost": "equal"}"
N23818+2016-10-01T12:05:11.862284+556+61305+986++2016-10-01T12:05:11.862317+++"{"question": "agradavel", "theLess": "equal", "theMost": "equal"}"
N23864+2016-10-01T16:23:01.335621+556+61720+988++2016-10-01T16:23:01.335677+++"{"question": "seguro", "theLess": "https://contribua.org/bairros/oeste/catole/Rua_Olegario_Mariano__139_90.jpg", "theMost": "https://contribua.org/bairros/norte/centro/Rua_Pedro_Alvares_Cabral__129_90.jpg"}"
N23813+2016-10-01T12:05:05.995173+556+61484+986++2016-10-01T12:05:05.995211+++"{"question": "seguro", "theLess": "equal", "theMost": "equal"}"
N23834+2016-10-01T16:07:55.257307+556+61769+987++2016-10-01T16:07:55.257342+++"{"question": "agradavel", "theLess": "https://contribua.org/bairros/norte/centro/Rua_Capitao_Joao_de_Sa__45__0.jpg", "theMost": "https://contribua.org/bairros/norte/centro/Rua_Coronel_Salvino_Figueiredo__251_90.jpg"}"
N23856+2016-10-01T16:09:46.526576+556+61915+987++2016-10-01T16:09:46.526612+++"{"question": "agradavel", "theLess": "https://contribua.org/bairros/oeste/catole/Rua_Olegario_Mariano__139_0.jpg", "theMost": "https://contribua.org/bairros/norte/centro/Rua_Coronel_Salvino_Figueiredo__251_270.jpg"}"
N23862+2016-10-01T16:22:11.269794+556+61716+988++2016-10-01T16:22:11.269839+++"{"question": "seguro", "theLess": "https://contribua.org/bairros/oeste/liberdade/Rua_Riachuelo__930__0.jpg", "theMost": "https://contribua.org/bairros/norte/centro/Rua_Felix_Araujo__48__270.jpg"}"
N23865+2016-10-01T16:23:09.743597+556+61699+988++2016-10-01T16:23:09.743632+++"{"question": "agradavel", "theLess": "https://contribua.org/bairros/norte/centro/Rua_Felix_Araujo__48__90.jpg", "theMost": "https://contribua.org/bairros/oeste/liberdade/Rua_Severino_Pimentel__439__180.jpg"}"
N23871+2016-10-01T17:52:41.413186+556+61515+989++2016-10-01T17:52:41.413221+++"{"question": "agradavel", "theLess": "https://contribua.org/bairros/oeste/catole/Rua_Aluisio_Cunha_Linha__50__270.jpg", "theMost": "https://contribua.org/bairros/oeste/liberdade/Rua_Odon_Bezerra__147_90.jpg"}"
N23847+2016-10-01T16:09:15.896895+556+61924+987++2016-10-01T16:09:15.896929+++"{"question": "seguro", "theLess": "equal", "theMost": "equal"}"
N23875+2016-10-01T17:53:55.540603+556+61575+989++2016-10-01T17:53:55.540642+++"{"question": "agradavel", "theLess": "https://contribua.org/bairros/oeste/catole/Rua_Luisa_Bezerra_Mota__246_90.jpg", "theMost": "https://contribua.org/bairros/oeste/catole/Rua_Doutor_Antonio_Telha_-_Catole__Campina_Grande__90.jpg"}"
N23880+2016-10-01T17:55:44.802380+556+61876+989++2016-10-01T17:55:44.802415+++"{"userProfile": {"city": "Campina Grande ", "age": 18, "sex": "F", "rel": "solteiro", "educ": "graduacao", "neig": ["cen"], "clas": "media baixa"}, "question": "seguro", "theLess": "https://contribua.org/bairros/oeste/catole/Rua_Doutor_Antonio_Telha__68__270.jpg", "theMost": "https://contribua.org/bairros/oeste/catole/Rua_Vigario_Calixto__1201_180.jpg"}"
N23918+2016-10-01T21:56:19.741860+556+61322+990++2016-10-01T21:56:19.741896+++"{"question": "seguro", "theLess": "https://contribua.org/bairros/oeste/catole/Rua_Doutor_Antonio_Telha__68__90.jpg", "theMost": "https://contribua.org/bairros/norte/centro/Rua_Manoel_P._de_Araujo__150_90.jpg"}"
N23892+2016-10-01T21:49:06.839410+556+61532+990++2016-10-01T21:49:06.839444+++"{"question": "seguro", "theLess": "https://contribua.org/bairros/norte/centro/Rua_Pedro_Alvares_Cabral__129_90.jpg", "theMost": "https://contribua.org/bairros/norte/centro/Avenida_Presidente_Joao_Pessoa__128__180.jpg"}"
N23903+2016-10-01T21:53:24.667168+556+61555+990++2016-10-01T21:53:24.667203+++"{"question": "agradavel", "theLess": "https://contribua.org/bairros/oeste/catole/Rua_Vigario_Calixto__1201_180.jpg", "theMost": "https://contribua.org/bairros/oeste/catole/Rua_Luisa_Bezerra_Mota__246_270.jpg"}"
N23925+2016-10-01T21:58:15.690192+556+61846+990++2016-10-01T21:58:15.690227+++"{"question": "seguro", "theLess": "https://contribua.org/bairros/oeste/catole/Rua_Olegario_Mariano__139_180.jpg", "theMost": "https://contribua.org/bairros/norte/centro/Rua_Quebra_Quilos__399__270.jpg"}"
N23928+2016-10-01T21:58:41.571035+556+61504+990++2016-10-01T21:58:41.571072+++"{"question": "seguro", "theLess": "https://contribua.org/bairros/oeste/catole/Rua_Inacio_Marques_da_Silva__434_90.jpg", "theMost": "https://contribua.org/bairros/oeste/liberdade/Rua_Odon_Bezerra__147_90.jpg"}"
N23937+2016-10-01T22:36:47.528950+556+61378+991++2016-10-01T22:36:47.528987+++"{"question": "seguro", "theLess": "https://contribua.org/bairros/oeste/catole/Rua_Cristina_Procopio_da_Silva__62__270.jpg", "theMost": "https://contribua.org/bairros/norte/centro/Avenida_Presidente_Getulio_Vargas__395__90.jpg"}"
N23891+2016-10-01T21:48:54.599453+556+61855+990++2016-10-01T21:48:54.599487+++"{"question": "agradavel", "theLess": "https://contribua.org/bairros/norte/centro/Avenida_Presidente_Getulio_Vargas__395__270.jpg", "theMost": "https://contribua.org/bairros/norte/centro/Rua_Doutor_Severino_Cruz__411__90.jpg"}"
N23913+2016-10-01T21:55:22.772227+556+61569+990++2016-10-01T21:55:22.772263+++"{"question": "agradavel", "theLess": "https://contribua.org/bairros/oeste/liberdade/Rua_Odon_Bezerra__306_270.jpg", "theMost": "https://contribua.org/bairros/oeste/catole/Rua_Luisa_Bezerra_Mota__246_270.jpg"}"
N23932+2016-10-01T22:35:33.114295+556+61554+991++2016-10-01T22:35:33.114314+++"{"question": "seguro", "theLess": "https://contribua.org/bairros/oeste/liberdade/Avenida_Assis_Chateaubriand__1334__180.jpg", "theMost": "https://contribua.org/bairros/norte/centro/Rua_Manoel_P._de_Araujo__150_270.jpg"}"
N23936+2016-10-01T22:36:38.026961+556+61319+991++2016-10-01T22:36:38.026996+++"{"question": "agradavel", "theLess": "https://contribua.org/bairros/oeste/liberdade/Rua_Severino_Pimentel__439__180.jpg", "theMost": "https://contribua.org/bairros/oeste/liberdade/Rua_Riachuelo__455__180.jpg"}"
N23921+2016-10-01T21:56:44.131402+556+61489+990++2016-10-01T21:56:44.131436+++"{"question": "agradavel", "theLess": "https://contribua.org/bairros/norte/centro/Rua_Joao_da_Mata__490_270.jpg", "theMost": "https://contribua.org/bairros/norte/centro/Rua_Coronel_Salvino_Figueiredo__251_270.jpg"}"
N23945+2016-10-01T22:38:39.227126+556+61771+991++2016-10-01T22:38:39.227162+++"{"question": "agradavel", "theLess": "https://contribua.org/bairros/norte/centro/Rua_Manoel_P._de_Araujo__370_180.jpg", "theMost": "https://contribua.org/bairros/norte/centro/Rua_Quebra_Quilos__399__270.jpg"}"
N23951+2016-10-01T22:39:40.764699+556+61776+991++2016-10-01T22:39:40.764735+++"{"question": "seguro", "theLess": "https://contribua.org/bairros/norte/centro/Rua_Capitao_Joao_de_Sa__45__180.jpg", "theMost": "https://contribua.org/bairros/norte/centro/Rua_Quebra_Quilos__399__90.jpg"}"
N23962+2016-10-02T02:29:08.958239+556+61353+992++2016-10-02T02:29:08.958273+++"{"question": "agradavel", "theLess": "https://contribua.org/bairros/oeste/catole/Rua_Cristina_Procopio_da_Silva__62__270.jpg", "theMost": "https://contribua.org/bairros/oeste/catole/Rua_Honorio_de_Melo__240__270.jpg"}"
N23967+2016-10-02T02:30:24.693423+556+61401+992++2016-10-02T02:30:24.693457+++"{"question": "agradavel", "theLess": "https://contribua.org/bairros/oeste/liberdade/Rua_Padre_Pedro_Serrao__353__90.jpg", "theMost": "https://contribua.org/bairros/oeste/liberdade/Rua_Odon_Bezerra__388__90.jpg"}"
N23970+2016-10-02T02:32:23.757041+556+61788+992++2016-10-02T02:32:23.757076+++"{"userProfile": {"city": "Campina Grande - PB, Brasil", "age": 25, "sex": "F", "rel": "solteiro", "educ": "graduacao", "neig": ["cen", "cat"], "clas": "media baixa"}, "question": "seguro", "theLess": "https://contribua.org/bairros/oeste/liberdade/Rua_Espirito_Santo__1288__0.jpg", "theMost": "https://contribua.org/bairros/norte/centro/Avenida_Presidente_Joao_Pessoa__128__90.jpg"}"
N23980+2016-10-03T21:06:29.729321+556+61412+522++2016-10-03T21:06:29.729360+++"{"question": "seguro", "theLess": "equal", "theMost": "equal"}"
N23997+2016-10-04T15:26:29.701118+556+61427+993++2016-10-04T15:26:29.701140+++"{"question": "agradavel", "theLess": "https://contribua.org/bairros/norte/centro/Rua_Augusto_Severo__71_0.jpg", "theMost": "https://contribua.org/bairros/oeste/catole/Rua_Aluisio_Cunha_Linha__50__270.jpg"}"
N23999+2016-10-04T15:27:11.088035+556+61885+993++2016-10-04T15:27:11.088073+++"{"question": "agradavel", "theLess": "https://contribua.org/bairros/oeste/liberdade/Rua_Odon_Bezerra__388__90.jpg", "theMost": "https://contribua.org/bairros/oeste/liberdade/Rua_Severino_Pimentel__321__0.jpg"}"
N24001+2016-10-06T13:04:51.643605+556+61308+884++2016-10-06T13:04:51.643640+++"{"question": "seguro", "theLess": "https://contribua.org/bairros/oeste/liberdade/Rua_Edesio_Silva__602__180.jpg", "theMost": "https://contribua.org/bairros/oeste/liberdade/Rua_Odon_Bezerra__388__90.jpg"}"
N24003+2016-10-06T13:05:27.206813+556+61385+884++2016-10-06T13:05:27.206847+++"{"question": "agradavel", "theLess": "equal", "theMost": "equal"}"
N24005+2016-10-06T13:06:07.481419+556+61360+884++2016-10-06T13:06:07.481456+++"{"question": "seguro", "theLess": "equal", "theMost": "equal"}"
N24009+2016-10-06T13:08:06.374260+556+61794+884++2016-10-06T13:08:06.374293+++"{"userProfile": {"city": "S\u00e3o Bento - PB, Brasil", "age": 24, "sex": "M", "rel": "solteiro", "educ": "graduacao", "neig": ["cen"], "clas": "baixa"}, "question": "seguro", "theLess": "https://contribua.org/bairros/oeste/liberdade/Rua_Riachuelo__847__0.jpg", "theMost": "https://contribua.org/bairros/oeste/catole/Rua_Inacio_Marques_da_Silva__434_270.jpg"}"
